0001.1999-12-10.farmer	0	0	0	-44.703314163
0001.1999-12-10.kaminski	0	0	0	-29.4796162784
0001.2000-01-17.beck	0	0	0	-3628.45846461
0001.2000-06-06.lokay	0	0	0	-3656.41108871
0001.2001-02-07.kitchen	0	0	0	-336.669716666
0001.2001-04-02.williams	0	0	0	-1364.65954942
0002.1999-12-13.farmer	0	0	0	-2906.19903435
0002.2001-02-07.kitchen	0	0	0	-445.82785151
0002.2001-05-25.SA_and_HP	1	1	-606.385836721	0
0002.2003-12-18.GP	1	1	-1294.16205198	0
0002.2004-08-01.BG	1	1	-842.2885551	0
0003.1999-12-10.kaminski	0	0	0	-412.078094534
0003.1999-12-14.farmer	0	0	0	-78.2699164263
0003.2000-01-17.beck	0	0	0	-1266.076445
0003.2001-02-08.kitchen	0	0	0	-1328.4216871
0003.2003-12-18.GP	1	1	-851.81872463	0
0003.2004-08-01.BG	1	1	-783.975127151	0
0004.1999-12-10.kaminski	0	0	0	-1085.86920975
0004.1999-12-14.farmer	0	0	0	-1102.78782811
0004.2001-04-02.williams	0	0	0	-680.961493273
0004.2001-06-12.SA_and_HP	1	1	-895.572695709	0
0004.2004-08-01.BG	1	1	-800.79138767	0
0005.1999-12-12.kaminski	0	0	0	-777.480085756
0005.1999-12-14.farmer	0	0	0	-1086.51407529
0005.2000-06-06.lokay	0	0	0	-425.831190373
0005.2001-02-08.kitchen	0	0	0	-894.490733276
0005.2001-06-23.SA_and_HP	1	1	-189.574887142	0
0005.2003-12-18.GP	1	1	-7667.44254909	0
0006.1999-12-13.kaminski	0	0	0	-491.975574001
0006.2001-02-08.kitchen	0	0	0	-9711.47401511
0006.2001-04-03.williams	0	0	0	-301.611300843
0006.2001-06-25.SA_and_HP	1	1	-387.131688225	0
0006.2003-12-18.GP	1	1	-1149.9611193	0
0006.2004-08-01.BG	1	1	-1064.64616652	0
0007.1999-12-13.kaminski	0	0	0	-1520.93534971
0007.1999-12-14.farmer	0	0	0	-689.492794819
0007.2000-01-17.beck	0	0	0	-2754.06560617
0007.2001-02-09.kitchen	0	0	0	-1652.7977861
0007.2003-12-18.GP	1	1	-1273.02705457	0
0007.2004-08-01.BG	1	1	-1480.72075155	0
0008.2001-02-09.kitchen	0	0	0	-4182.9542177
0008.2001-06-12.SA_and_HP	1	1	-895.572695709	0
0008.2001-06-25.SA_and_HP	1	1	-4437.8911181	0
0008.2003-12-18.GP	1	1	-1019.60539782	0
0008.2004-08-01.BG	1	1	-5942.44516199	0
0009.1999-12-13.kaminski	0	0	0	-6330.88331246
0009.1999-12-14.farmer	0	0	0	-589.802967067
0009.2000-06-07.lokay	0	0	0	-2694.37349366
0009.2001-02-09.kitchen	0	0	0	-5683.56606663
0009.2001-06-26.SA_and_HP	1	1	-1275.69356437	0
0009.2003-12-18.GP	1	1	-780.157742571	0
0010.1999-12-14.farmer	0	0	0	-1378.98062611
0010.1999-12-14.kaminski	0	0	0	-201.079869323
0010.2001-02-09.kitchen	0	0	0	-3033.34166353
0010.2001-06-28.SA_and_HP	1	1	-3403.79743757	0
0010.2003-12-18.GP	1	1	-55.4046271559	0
0010.2004-08-01.BG	1	1	-2374.14527962	0
0011.1999-12-14.farmer	0	0	0	-1908.30010097
0011.2001-06-28.SA_and_HP	1	1	-3396.04113521	0
0011.2001-06-29.SA_and_HP	1	1	-15976.5317654	0
0011.2003-12-18.GP	1	1	-526.31173599	0
0011.2004-08-01.BG	1	1	-677.454651706	0
0012.1999-12-14.farmer	0	0	0	-3207.53632469
0012.1999-12-14.kaminski	0	0	0	-983.231064502
0012.2000-01-17.beck	0	0	0	-2740.24395156
0012.2000-06-08.lokay	0	0	0	-910.091564553
0012.2001-02-09.kitchen	0	0	0	-489.546983823
0012.2003-12-19.GP	1	1	-157.422808944	0
0013.1999-12-14.farmer	0	0	0	-1784.03880494
0013.1999-12-14.kaminski	0	0	0	-1244.28438974
0013.2001-04-03.williams	0	0	0	-662.267400874
0013.2001-06-30.SA_and_HP	1	1	-28439.430103	0
0013.2004-08-01.BG	1	1	-1517.41759276	0
0014.1999-12-14.kaminski	0	0	0	-1753.42969957
0014.1999-12-15.farmer	0	0	0	-1177.0048702
0014.2001-02-12.kitchen	0	0	0	-1444.22501591
0014.2001-07-04.SA_and_HP	1	1	-3610.88595845	0
0014.2003-12-19.GP	1	1	-174.257346704	0
0014.2004-08-01.BG	1	1	-819.394830465	0
0015.1999-12-14.kaminski	0	0	0	-678.072033562
0015.1999-12-15.farmer	0	0	0	-829.139737124
0015.2000-06-09.lokay	0	0	0	-141.718413054
0015.2001-02-12.kitchen	0	0	0	-5027.61595567
0015.2001-07-05.SA_and_HP	1	1	-932.559804509	0
0015.2003-12-19.GP	1	1	-1297.30016027	0
0016.1999-12-15.farmer	0	0	0	-740.796309899
0016.2001-02-12.kitchen	0	0	0	-1180.53251489
0016.2001-07-05.SA_and_HP	1	1	-932.559804509	0
0016.2001-07-06.SA_and_HP	1	1	-16836.2973587	0
0016.2003-12-19.GP	1	1	-800.853734689	0
0016.2004-08-01.BG	1	1	-659.742076919	0
0017.1999-12-14.kaminski	0	0	0	-380.507631115
0017.2000-01-17.beck	0	0	0	-2751.00210059
0017.2001-04-03.williams	0	0	0	-438.323923136
0017.2003-12-18.GP	1	1	-211.839754533	0
0017.2004-08-01.BG	1	1	-922.664840461	0
0017.2004-08-02.BG	1	1	-2644.11789839	0
0018.1999-12-14.kaminski	0	0	0	-988.108049174
0018.2001-07-13.SA_and_HP	1	1	-3317.42517816	0
0018.2003-12-18.GP	1	1	-3482.92144216	0
Training error: : 0.000	
