118,NA
8907,NA
9889,NA
2907,NA
5470,NA
7518,NA
6181,NA
8276,NA
4300,NA
9674,NA
4058,NA
7746,NA
5049,NA
854,NA
9910,NA
6701,NA
4881,NA
444,NA
9261,NA
7292,NA
187,NA
8924,NA
9233,NA
9150,NA
3623,NA
5202,NA
2327,NA
7598,NA
2250,NA
3236,NA
1212,NA
1451,NA
3382,NA
5654,NA
1011,NA
8471,NA
5264,NA
8477,NA
488,NA
9926,NA
4097,NA
7565,NA
1443,NA
4340,NA
607,NA
3025,NA
3544,NA
3441,NA
1431,NA
3779,NA
9949,NA
1004,NA
4819,NA
6852,NA
8365,NA
6365,NA
4030,NA
5505,NA
98,NA
6467,NA
4649,NA
6615,NA
2348,NA
2201,NA
9511,NA
9480,NA
5324,NA
1818,NA
1338,NA
7187,NA
9530,NA
2807,NA
3608,NA
986,NA
6199,NA
4066,NA
4213,NA
1901,NA
3274,NA
8287,NA
354,NA
4459,NA
3064,NA
8766,NA
8294,NA
8769,NA
6002,NA
6975,NA
8883,NA
5565,NA
2719,NA
7093,NA
4934,NA
1886,NA
7075,NA
6197,NA
7515,NA
9502,NA
1825,NA
7602,NA
1820,NA
4932,NA
1750,NA
4847,NA
1704,NA
9213,NA
9335,NA
8693,NA
1847,NA
8416,NA
4289,NA
398,NA
2477,NA
8056,NA
6317,NA
1884,NA
2596,NA
2113,NA
2402,NA
165,NA
5431,NA
6510,NA
5003,NA
9975,NA
649,NA
6828,NA
5579,NA
4523,NA
7922,NA
4511,NA
2549,NA
8247,NA
4145,NA
5786,NA
177,NA
1790,NA
1602,NA
2117,NA
3924,NA
8795,NA
7247,NA
7432,NA
5145,NA
4108,NA
9254,NA
3404,NA
6821,NA
7764,NA
8554,NA
9280,NA
2062,NA
2015,NA
168,NA
6631,NA
4898,NA
177,NA
682,NA
5274,NA
2373,NA
9776,NA
3493,NA
8663,NA
6701,NA
3886,NA
6665,NA
7153,NA
694,NA
1806,NA
4877,NA
449,NA
2258,NA
3870,NA
496,NA
1478,NA
1620,NA
1722,NA
3888,NA
3444,NA
9811,NA
5067,NA
7646,NA
234,NA
411,NA
3615,NA
564,NA
779,NA
6628,NA
8037,NA
3778,NA
7628,NA
4347,NA
5745,NA
6672,NA
6175,NA
4355,NA
3883,NA
6734,NA
9941,NA
4306,NA
376,NA
6944,NA
5025,NA
2354,NA
3729,NA
6788,NA
9948,NA
1323,NA
6177,NA
3900,NA
1739,NA
1753,NA
4465,NA
822,NA
5730,NA
7286,NA
1473,NA
1162,NA
2899,NA
5423,NA
5235,NA
4495,NA
5226,NA
696,NA
4923,NA
5157,NA
7671,NA
8307,NA
7349,NA
8457,NA
5483,NA
4134,NA
6010,NA
6553,NA
8994,NA
2521,NA
4023,NA
2681,NA
9877,NA
3271,NA
8426,NA
5229,NA
8790,NA
6612,NA
3586,NA
2098,NA
4335,NA
9434,NA
635,NA
6496,NA
1878,NA
3836,NA
1695,NA
3695,NA
4474,NA
9508,NA
1739,NA
9549,NA
4474,NA
3774,NA
148,NA
1535,NA
9470,NA
6123,NA
2074,NA
1731,NA
9918,NA
6519,NA
3823,NA
4190,NA
747,NA
9080,NA
2654,NA
2521,NA
686,NA
8591,NA
9060,NA
2972,NA
969,NA
6964,NA
1341,NA
7114,NA
7667,NA
1945,NA
1653,NA
7228,NA
1496,NA
4132,NA
8787,NA
489,NA
7370,NA
9763,NA
6870,NA
8317,NA
3132,NA
4305,NA
5133,NA
4434,NA
4281,NA
3350,NA
6154,NA
1906,NA
82,NA
448,NA
3852,NA
1787,NA
8407,NA
617,NA
6731,NA
3888,NA
8247,NA
4195,NA
449,NA
7845,NA
7455,NA
623,NA
5888,NA
7293,NA
8247,NA
1001,NA
9191,NA
9695,NA
2827,NA
1198,NA
7639,NA
6786,NA
9933,NA
3631,NA
5895,NA
6147,NA
7641,NA
8106,NA
4080,NA
5950,NA
6365,NA
419,NA
792,NA
2924,NA
5184,NA
1929,NA
8257,NA
2764,NA
4256,NA
7833,NA
2380,NA
284,NA
5477,NA
3873,NA
7494,NA
8524,NA
7517,NA
2166,NA
5947,NA
4962,NA
3728,NA
6694,NA
3978,NA
5256,NA
3719,NA
8558,NA
9380,NA
3689,NA
5717,NA
2415,NA
6534,NA
3724,NA
6195,NA
1917,NA
1864,NA
891,NA
3731,NA
1453,NA
4321,NA
1187,NA
326,NA
1285,NA
5180,NA
2126,NA
7694,NA
9755,NA
5607,NA
2003,NA
4161,NA
274,NA
7369,NA
7512,NA
1445,NA
7441,NA
5272,NA
8604,NA
1488,NA
6976,NA
4951,NA
1378,NA
4733,NA
2659,NA
1286,NA
7356,NA
8002,NA
9500,NA
9076,NA
54,NA
8374,NA
6292,NA
1923,NA
4322,NA
2786,NA
386,NA
7172,NA
7318,NA
3187,NA
3738,NA
3979,NA
284,NA
3007,NA
8652,NA
5891,NA
8095,NA
2960,NA
2750,NA
1697,NA
646,NA
4335,NA
3973,NA
3137,NA
5861,NA
6498,NA
1818,NA
948,NA
8866,NA
2300,NA
7219,NA
324,NA
7689,NA
6032,NA
7394,NA
8295,NA
5943,NA
8503,NA
9415,NA
2309,NA
8830,NA
7381,NA
4076,NA
9576,NA
5772,NA
3464,NA
8379,NA
2832,NA
3058,NA
3827,NA
4684,NA
2024,NA
263,NA
829,NA
1271,NA
4586,NA
3902,NA
3322,NA
7127,NA
1063,NA
7895,NA
1413,NA
7999,NA
5275,NA
4402,NA
5274,NA
7489,NA
9645,NA
6283,NA
9713,NA
52,NA
9169,NA
6905,NA
4465,NA
8448,NA
8952,NA
166,NA
2087,NA
8207,NA
6614,NA
2652,NA
3768,NA
1898,NA
7369,NA
5499,NA
7157,NA
4855,NA
336,NA
762,NA
9745,NA
564,NA
7375,NA
2673,NA
9891,NA
256,NA
8133,NA
6476,NA
3177,NA
1834,NA
8666,NA
6000,NA
4128,NA
9899,NA
3338,NA
1788,NA
3654,NA
9103,NA
7380,NA
9784,NA
1019,NA
6916,NA
3670,NA
1435,NA
680,NA
3170,NA
5725,NA
280,NA
6714,NA
2722,NA
4943,NA
989,NA
2713,NA
7224,NA
1606,NA
7843,NA
3912,NA
5791,NA
7762,NA
6005,NA
1157,NA
9673,NA
3128,NA
7220,NA
5488,NA
6537,NA
3107,NA
7885,NA
8293,NA
2447,NA
5399,NA
8479,NA
6712,NA
8658,NA
9677,NA
5384,NA
1082,NA
8582,NA
9571,NA
4062,NA
4267,NA
1348,NA
8982,NA
5864,NA
7117,NA
718,NA
8646,NA
20,NA
8951,NA
9803,NA
9050,NA
2170,NA
9433,NA
4790,NA
2891,NA
7921,NA
9527,NA
8038,NA
30,NA
7449,NA
9728,NA
3428,NA
3509,NA
1920,NA
8164,NA
4672,NA
3077,NA
2677,NA
8600,NA
8393,NA
3078,NA
3813,NA
2132,NA
2273,NA
6150,NA
419,NA
8540,NA
8587,NA
8380,NA
3304,NA
9243,NA
9368,NA
5185,NA
8145,NA
8573,NA
7641,NA
2109,NA
5508,NA
3093,NA
2616,NA
9144,NA
5969,NA
9931,NA
8419,NA
8860,NA
5677,NA
233,NA
5231,NA
8101,NA
4152,NA
6320,NA
5866,NA
8197,NA
2209,NA
2360,NA
5755,NA
8965,NA
5029,NA
9600,NA
9086,NA
2190,NA
765,NA
1651,NA
9235,NA
8727,NA
2228,NA
5760,NA
3281,NA
7388,NA
3509,NA
4271,NA
2799,NA
8711,NA
489,NA
3925,NA
8714,NA
7034,NA
8156,NA
5229,NA
3699,NA
2283,NA
321,NA
453,NA
2703,NA
6161,NA
8456,NA
4135,NA
1155,NA
7942,NA
6164,NA
4211,NA
647,NA
7895,NA
2986,NA
7829,NA
261,NA
4233,NA
3658,NA
9195,NA
6737,NA
8001,NA
6638,NA
7301,NA
7893,NA
402,NA
3341,NA
9491,NA
7036,NA
1299,NA
2237,NA
4389,NA
5978,NA
3062,NA
6664,NA
6754,NA
1122,NA
9187,NA
3524,NA
3862,NA
9693,NA
571,NA
5675,NA
7188,NA
3722,NA
410,NA
9088,NA
5094,NA
9268,NA
3491,NA
7741,NA
8616,NA
9325,NA
4319,NA
1823,NA
2207,NA
5643,NA
2407,NA
387,NA
6988,NA
8149,NA
4548,NA
643,NA
486,NA
4062,NA
2144,NA
3974,NA
3377,NA
8677,NA
2982,NA
6907,NA
7003,NA
3116,NA
6903,NA
9890,NA
6123,NA
2318,NA
2716,NA
1679,NA
397,NA
8381,NA
63,NA
8166,NA
8086,NA
2984,NA
8436,NA
1743,NA
2855,NA
4839,NA
8984,NA
870,NA
110,NA
6153,NA
7350,NA
5598,NA
9606,NA
4872,NA
1253,NA
2192,NA
7043,NA
1873,NA
3256,NA
1486,NA
9527,NA
2201,NA
3322,NA
3878,NA
9259,NA
857,NA
7515,NA
6292,NA
7853,NA
1537,NA
5253,NA
4281,NA
2701,NA
8581,NA
4331,NA
7833,NA
8354,NA
4556,NA
7811,NA
1701,NA
8304,NA
3631,NA
1895,NA
5647,NA
2170,NA
6017,NA
6518,NA
4425,NA
1938,NA
1402,NA
4152,NA
3993,NA
3566,NA
2545,NA
1116,NA
1404,NA
1567,NA
5802,NA
8190,NA
2034,NA
5406,NA
6186,NA
1926,NA
6971,NA
5156,NA
7059,NA
7229,NA
3610,NA
1280,NA
8087,NA
1108,NA
729,NA
126,NA
2602,NA
9879,NA
8391,NA
2895,NA
8072,NA
9834,NA
9326,NA
5640,NA
1424,NA
6766,NA
1337,NA
1897,NA
3224,NA
8730,NA
8534,NA
3832,NA
6468,NA
1694,NA
4539,NA
3454,NA
1227,NA
9868,NA
7565,NA
1684,NA
3049,NA
8164,NA
4686,NA
3039,NA
7391,NA
2291,NA
620,NA
2252,NA
7620,NA
5851,NA
5310,NA
249,NA
9580,NA
8520,NA
4095,NA
8619,NA
1656,NA
4775,NA
8862,NA
5946,NA
425,NA
3929,NA
755,NA
3467,NA
9727,NA
6331,NA
5123,NA
7576,NA
8024,NA
1335,NA
4414,NA
6459,NA
3054,NA
1877,NA
8124,NA
3631,NA
289,NA
8203,NA
1788,NA
1963,NA
349,NA
5583,NA
5084,NA
9372,NA
6751,NA
3472,NA
7953,NA
5286,NA
9458,NA
5187,NA
5716,NA
4894,NA
1113,NA
7158,NA
6540,NA
3605,NA
1,NA
759,NA
4396,NA
1615,NA
2626,NA
5530,NA
5742,NA
683,NA
2270,NA
9379,NA
1841,NA
9637,NA
8749,NA
8553,NA
9875,NA
4129,NA
7495,NA
4228,NA
5714,NA
5023,NA
2112,NA
365,NA
4852,NA
9736,NA
6751,NA
7243,NA
7562,NA
3796,NA
6311,NA
670,NA
943,NA
1901,NA
7092,NA
4674,NA
7755,NA
5952,NA
7722,NA
5146,NA
86,NA
5062,NA
1149,NA
1072,NA
2628,NA
7020,NA
5356,NA
9809,NA
6150,NA
7382,NA
1874,NA
3961,NA
2744,NA
8640,NA
6613,NA
8553,NA
4750,NA
6538,NA
59,NA
1158,NA
7978,NA
1792,NA
3650,NA
7474,NA
7620,NA
4798,NA
9244,NA
3992,NA
3354,NA
4921,NA
861,NA
908,NA
638,NA
4334,NA
456,NA
4946,NA
9305,NA
2482,NA
3124,NA
706,NA
8873,NA
1787,NA
8608,NA
777,NA
599,NA
1304,NA
5511,NA
5769,NA
8879,NA
1880,NA
506,NA
2846,NA
9534,NA
9790,NA
6169,NA
8838,NA
2630,NA
961,NA
7223,NA
7030,NA
4877,NA
1747,NA
1286,NA
6917,NA
3287,NA
2130,NA
9165,NA
7300,NA
6796,NA
737,NA
3304,NA
4436,NA
2732,NA
8071,NA
9798,NA
6555,NA
5525,NA
3904,NA
2223,NA
9805,NA
1301,NA
7547,NA
2027,NA
455,NA
8247,NA
7200,NA
7367,NA
1406,NA
3944,NA
4896,NA
367,NA
878,NA
5434,NA
7911,NA
4608,NA
6742,NA
5344,NA
9700,NA
4733,NA
2610,NA
3416,NA
5219,NA
6917,NA
8029,NA
3576,NA
7296,NA
5054,NA
2834,NA
6859,NA
3488,NA
2991,NA
4857,NA
9448,NA
8275,NA
4468,NA
1365,NA
5585,NA
4338,NA
218,NA
9002,NA
1004,NA
5962,NA
3059,NA
3533,NA
5453,NA
1140,NA
4890,NA
4973,NA
1126,NA
8979,NA
7808,NA
3317,NA
7790,NA
15,NA
4172,NA
9256,NA
2120,NA
5645,NA
6204,NA
2170,NA
1930,NA
3003,NA
9445,NA
4240,NA
3556,NA
5776,NA
5959,NA
9954,NA
516,NA
5789,NA
7875,NA
8845,NA
8431,NA
8324,NA
7864,NA
6095,NA
3951,NA
9605,NA
1812,NA
2432,NA
2213,NA
8984,NA
4504,NA
4709,NA
2320,NA
3882,NA
4752,NA
6928,NA
7446,NA
4087,NA
8462,NA
3323,NA
9969,NA
5765,NA
9045,NA
8634,NA
9129,NA
2045,NA
6007,NA
3105,NA
5193,NA
4598,NA
2622,NA
5648,NA
7647,NA
3894,NA
3611,NA
8888,NA
8149,NA
6667,NA
5140,NA
5347,NA
226,NA
5152,NA
2684,NA
6931,NA
7785,NA
7752,NA
485,NA
3715,NA
6332,NA
5916,NA
594,NA
1100,NA
8801,NA
1479,NA
3055,NA
7743,NA
4773,NA
3575,NA
3584,NA
5303,NA
9669,NA
6545,NA
3014,NA
8404,NA
455,NA
9544,NA
1000,NA
4564,NA
9880,NA
2706,NA
7336,NA
8774,NA
4219,NA
1207,NA
6302,NA
1799,NA
4094,NA
3086,NA
9795,NA
1827,NA
2798,NA
99,NA
2038,NA
1153,NA
7352,NA
952,NA
1813,NA
443,NA
4062,NA
8283,NA
8178,NA
7172,NA
2048,NA
9809,NA
222,NA
2776,NA
6431,NA
7527,NA
8825,NA
7079,NA
3087,NA
2860,NA
2932,NA
2574,NA
3163,NA
3778,NA
1716,NA
8900,NA
9468,NA
1374,NA
4038,NA
1483,NA
6889,NA
8362,NA
5541,NA
9689,NA
87,NA
5360,NA
595,NA
7709,NA
7888,NA
1995,NA
9711,NA
5980,NA
161,NA
4127,NA
5832,NA
9862,NA
2137,NA
457,NA
8846,NA
3765,NA
1738,NA
231,NA
5166,NA
4229,NA
6203,NA
1870,NA
1453,NA
8333,NA
7413,NA
9895,NA
9215,NA
2801,NA
4166,NA
9449,NA
978,NA
6181,NA
3524,NA
658,NA
5826,NA
7831,NA
6323,NA
6105,NA
8017,NA
8210,NA
6474,NA
6184,NA
2645,NA
8002,NA
9359,NA
2876,NA
1972,NA
535,NA
980,NA
6184,NA
6516,NA
9099,NA
9986,NA
2982,NA
741,NA
7353,NA
6305,NA
6881,NA
2864,NA
2882,NA
1312,NA
7354,NA
5858,NA
5091,NA
723,NA
9772,NA
9471,NA
83,NA
608,NA
501,NA
8960,NA
8627,NA
176,NA
8535,NA
2256,NA
1619,NA
1048,NA
3918,NA
1530,NA
7062,NA
2371,NA
6270,NA
7241,NA
1628,NA
5537,NA
31,NA
558,NA
2224,NA
5526,NA
9070,NA
3202,NA
9971,NA
1687,NA
8170,NA
6386,NA
8116,NA
8950,NA
288,NA
6705,NA
7004,NA
5356,NA
7891,NA
8012,NA
651,NA
9139,NA
2185,NA
9422,NA
9857,NA
5177,NA
2828,NA
1156,NA
6863,NA
8119,NA
1551,NA
8854,NA
9500,NA
2380,NA
5058,NA
3692,NA
8603,NA
3961,NA
9388,NA
6032,NA
6886,NA
5265,NA
4208,NA
3511,NA
2621,NA
907,NA
1762,NA
7401,NA
4853,NA
6237,NA
4202,NA
5662,NA
8354,NA
4849,NA
3799,NA
4614,NA
6739,NA
2051,NA
2746,NA
4735,NA
7041,NA
9093,NA
2960,NA
3179,NA
9395,NA
8276,NA
1257,NA
7676,NA
5931,NA
5978,NA
6859,NA
2457,NA
4813,NA
4431,NA
2785,NA
1291,NA
7972,NA
7321,NA
2629,NA
7789,NA
3043,NA
8208,NA
7162,NA
9716,NA
304,NA
333,NA
4169,NA
8004,NA
5463,NA
8696,NA
7865,NA
2622,NA
1609,NA
2713,NA
8258,NA
288,NA
5109,NA
5929,NA
375,NA
5764,NA
193,NA
8264,NA
4941,NA
8531,NA
3948,NA
7684,NA
6936,NA
9311,NA
3410,NA
1075,NA
287,NA
1912,NA
8020,NA
5576,NA
4812,NA
5769,NA
9433,NA
2916,NA
3056,NA
6764,NA
354,NA
2203,NA
1144,NA
8142,NA
6150,NA
1781,NA
9522,NA
2980,NA
3778,NA
9959,NA
7141,NA
9081,NA
9387,NA
4677,NA
8325,NA
6968,NA
6399,NA
939,NA
6519,NA
1023,NA
6029,NA
2022,NA
1598,NA
2783,NA
1010,NA
4029,NA
4241,NA
1366,NA
6968,NA
2287,NA
117,NA
1884,NA
8041,NA
1755,NA
7518,NA
9032,NA
2029,NA
1197,NA
7938,NA
5829,NA
2840,NA
5614,NA
9391,NA
3729,NA
4920,NA
5613,NA
1822,NA
4230,NA
5737,NA
5260,NA
9814,NA
2467,NA
9160,NA
9574,NA
1325,NA
84,NA
8744,NA
3185,NA
6419,NA
6710,NA
1038,NA
6426,NA
8661,NA
1377,NA
8834,NA
9365,NA
7161,NA
9300,NA
1046,NA
6130,NA
8434,NA
1231,NA
6928,NA
6607,NA
3171,NA
2438,NA
278,NA
6958,NA
3357,NA
6139,NA
332,NA
3284,NA
487,NA
3851,NA
4093,NA
3950,NA
7921,NA
9967,NA
9880,NA
9265,NA
6575,NA
9373,NA
5983,NA
292,NA
7350,NA
2787,NA
7246,NA
6604,NA
3687,NA
3439,NA
6715,NA
2850,NA
503,NA
3008,NA
508,NA
9583,NA
1472,NA
8956,NA
7203,NA
9777,NA
1318,NA
4356,NA
4980,NA
8180,NA
556,NA
7415,NA
4738,NA
7678,NA
5840,NA
5500,NA
6876,NA
2739,NA
931,NA
162,NA
1422,NA
7706,NA
8829,NA
6485,NA
9445,NA
4465,NA
2997,NA
55,NA
84,NA
9429,NA
140,NA
1265,NA
5802,NA
6232,NA
6496,NA
4968,NA
4339,NA
2442,NA
427,NA
9924,NA
5365,NA
5695,NA
2112,NA
5711,NA
3737,NA
5058,NA
2769,NA
6841,NA
4867,NA
2840,NA
4654,NA
4599,NA
4799,NA
6303,NA
2281,NA
5099,NA
1899,NA
1817,NA
7825,NA
1294,NA
3516,NA
8390,NA
4134,NA
3801,NA
4324,NA
3492,NA
8488,NA
7195,NA
4087,NA
8012,NA
9369,NA
7653,NA
8965,NA
3819,NA
1042,NA
4207,NA
624,NA
3799,NA
5931,NA
3056,NA
5873,NA
5678,NA
6934,NA
8422,NA
3773,NA
8935,NA
3655,NA
1498,NA
6758,NA
8478,NA
3698,NA
5162,NA
5692,NA
3760,NA
3253,NA
283,NA
8776,NA
6390,NA
4217,NA
1756,NA
3766,NA
2684,NA
8532,NA
5836,NA
5295,NA
6915,NA
1811,NA
1912,NA
2954,NA
4096,NA
1660,NA
1411,NA
3373,NA
1360,NA
9011,NA
2064,NA
6334,NA
2452,NA
3932,NA
6152,NA
607,NA
6174,NA
1612,NA
1681,NA
4871,NA
4021,NA
4340,NA
9754,NA
8931,NA
6471,NA
3371,NA
239,NA
1932,NA
8340,NA
5858,NA
4951,NA
6280,NA
2688,NA
6459,NA
4520,NA
1484,NA
3367,NA
7044,NA
707,NA
7005,NA
143,NA
1084,NA
7622,NA
5073,NA
348,NA
1449,NA
4257,NA
5648,NA
3225,NA
9427,NA
605,NA
2230,NA
5015,NA
9850,NA
3167,NA
4756,NA
4626,NA
3814,NA
414,NA
1967,NA
4215,NA
4578,NA
6147,NA
3465,NA
1881,NA
7302,NA
7509,NA
6880,NA
9588,NA
3549,NA
4011,NA
8699,NA
3924,NA
2269,NA
9370,NA
876,NA
5044,NA
8246,NA
6224,NA
4387,NA
571,NA
6722,NA
1700,NA
9289,NA
9643,NA
1010,NA
5371,NA
5471,NA
216,NA
210,NA
570,NA
1053,NA
207,NA
2324,NA
4274,NA
7721,NA
2990,NA
2316,NA
7529,NA
9670,NA
3784,NA
5191,NA
4970,NA
4049,NA
9454,NA
661,NA
2694,NA
6483,NA
6707,NA
4958,NA
5484,NA
5214,NA
6770,NA
9312,NA
5403,NA
6369,NA
8243,NA
2512,NA
1594,NA
6158,NA
8471,NA
6092,NA
2055,NA
6260,NA
804,NA
4492,NA
9015,NA
858,NA
941,NA
7744,NA
6006,NA
9539,NA
7998,NA
3815,NA
8911,NA
3162,NA
4809,NA
4564,NA
4854,NA
3898,NA
8757,NA
7806,NA
3025,NA
6821,NA
346,NA
4045,NA
2287,NA
2409,NA
5799,NA
7683,NA
8571,NA
3645,NA
1679,NA
2066,NA
5557,NA
4916,NA
332,NA
8886,NA
8200,NA
3305,NA
6463,NA
7388,NA
3856,NA
9410,NA
1029,NA
8640,NA
3621,NA
6357,NA
2739,NA
3493,NA
9137,NA
7667,NA
6745,NA
999,NA
3817,NA
9506,NA
8028,NA
6629,NA
996,NA
7386,NA
8324,NA
4721,NA
2322,NA
1961,NA
958,NA
4026,NA
6964,NA
5158,NA
7127,NA
4469,NA
76,NA
4179,NA
7266,NA
1542,NA
8856,NA
180,NA
3151,NA
2886,NA
4017,NA
5122,NA
6389,NA
5948,NA
5871,NA
2995,NA
462,NA
3422,NA
4288,NA
4240,NA
9297,NA
4732,NA
5976,NA
6886,NA
3089,NA
2834,NA
6420,NA
7006,NA
8019,NA
4766,NA
484,NA
4428,NA
824,NA
7763,NA
3376,NA
4442,NA
1713,NA
2229,NA
2019,NA
4543,NA
331,NA
8780,NA
7517,NA
6531,NA
7838,NA
8016,NA
5253,NA
7168,NA
3528,NA
2852,NA
9625,NA
4823,NA
4361,NA
3165,NA
7146,NA
9825,NA
83,NA
3099,NA
6595,NA
4663,NA
281,NA
7011,NA
17,NA
5182,NA
7574,NA
4327,NA
2613,NA
810,NA
6221,NA
2326,NA
8504,NA
1665,NA
1328,NA
3630,NA
2996,NA
1752,NA
6480,NA
7262,NA
9567,NA
2806,NA
9869,NA
5242,NA
6435,NA
1062,NA
5890,NA
5686,NA
1199,NA
2337,NA
3426,NA
2586,NA
5817,NA
4168,NA
780,NA
6723,NA
1136,NA
7325,NA
1111,NA
7644,NA
3335,NA
3214,NA
5786,NA
4175,NA
4256,NA
4680,NA
9749,NA
7388,NA
8994,NA
5892,NA
7999,NA
3700,NA
2203,NA
247,NA
760,NA
9972,NA
8607,NA
19,NA
7408,NA
5370,NA
146,NA
3610,NA
6630,NA
7756,NA
3994,NA
1240,NA
8705,NA
7629,NA
5623,NA
7163,NA
9154,NA
2130,NA
1868,NA
1811,NA
1930,NA
4840,NA
5182,NA
1607,NA
8333,NA
3613,NA
5308,NA
689,NA
7314,NA
8552,NA
7856,NA
8656,NA
4423,NA
1490,NA
3659,NA
2604,NA
9074,NA
6901,NA
3862,NA
5904,NA
8393,NA
3619,NA
8274,NA
723,NA
4732,NA
3227,NA
522,NA
7915,NA
7912,NA
3017,NA
4772,NA
2698,NA
1918,NA
4485,NA
7028,NA
3603,NA
2841,NA
4847,NA
8765,NA
1075,NA
2156,NA
3458,NA
9570,NA
8478,NA
4246,NA
9099,NA
9749,NA
3824,NA
6882,NA
1604,NA
6298,NA
9734,NA
8471,NA
4472,NA
4158,NA
1890,NA
9627,NA
1521,NA
663,NA
758,NA
5701,NA
9204,NA
9040,NA
2918,NA
9725,NA
550,NA
3287,NA
5139,NA
3737,NA
6430,NA
5160,NA
2344,NA
7052,NA
6280,NA
9695,NA
4049,NA
3988,NA
7361,NA
1247,NA
9667,NA
80,NA
4918,NA
3444,NA
3694,NA
9853,NA
4854,NA
743,NA
4239,NA
7155,NA
1343,NA
611,NA
4197,NA
435,NA
2217,NA
1565,NA
9050,NA
8686,NA
5372,NA
4158,NA
6704,NA
7650,NA
6657,NA
6404,NA
116,NA
6177,NA
4277,NA
6414,NA
8614,NA
9856,NA
4873,NA
3547,NA
337,NA
4083,NA
3534,NA
2269,NA
8639,NA
8472,NA
2994,NA
4889,NA
8214,NA
2088,NA
3581,NA
6364,NA
683,NA
7531,NA
7946,NA
951,NA
2990,NA
8334,NA
3161,NA
1630,NA
7423,NA
2458,NA
7218,NA
1143,NA
355,NA
9251,NA
6451,NA
215,NA
8729,NA
2374,NA
4909,NA
6163,NA
3339,NA
4454,NA
4840,NA
3745,NA
793,NA
1935,NA
8088,NA
8685,NA
3100,NA
6283,NA
8341,NA
1688,NA
2487,NA
7113,NA
6615,NA
3137,NA
5513,NA
9319,NA
1729,NA
6739,NA
5350,NA
1886,NA
475,NA
6041,NA
8492,NA
3679,NA
5166,NA
2521,NA
2204,NA
8141,NA
4799,NA
8411,NA
8505,NA
7365,NA
1876,NA
1440,NA
6471,NA
3213,NA
4468,NA
8673,NA
9649,NA
5146,NA
7636,NA
2030,NA
5767,NA
4591,NA
4013,NA
4074,NA
8361,NA
6078,NA
6335,NA
9706,NA
3973,NA
8890,NA
4907,NA
8307,NA
2275,NA
9181,NA
2571,NA
8804,NA
2482,NA
6230,NA
1439,NA
2662,NA
7407,NA
4686,NA
2547,NA
2286,NA
8282,NA
8429,NA
7315,NA
6649,NA
5512,NA
5386,NA
9287,NA
2918,NA
62,NA
2133,NA
2069,NA
7061,NA
5820,NA
1418,NA
5719,NA
8413,NA
5048,NA
7918,NA
6615,NA
5731,NA
2315,NA
8653,NA
7995,NA
295,NA
3686,NA
6755,NA
2846,NA
6054,NA
8286,NA
9616,NA
2118,NA
3088,NA
8937,NA
1459,NA
5614,NA
115,NA
6515,NA
7063,NA
6459,NA
2281,NA
4212,NA
4293,NA
6712,NA
9488,NA
277,NA
3585,NA
6163,NA
7557,NA
814,NA
7600,NA
1028,NA
2215,NA
1690,NA
2175,NA
5402,NA
3376,NA
7055,NA
6961,NA
7209,NA
5778,NA
9923,NA
1050,NA
9900,NA
8698,NA
2608,NA
4072,NA
351,NA
1592,NA
316,NA
3665,NA
8795,NA
2983,NA
2707,NA
3431,NA
6904,NA
9454,NA
9788,NA
7633,NA
4329,NA
3416,NA
5641,NA
5446,NA
8317,NA
2751,NA
3330,NA
415,NA
7509,NA
8664,NA
4390,NA
9369,NA
8508,NA
6774,NA
238,NA
1022,NA
5580,NA
8123,NA
4862,NA
1787,NA
1813,NA
1119,NA
1617,NA
7918,NA
4310,NA
1948,NA
9813,NA
8313,NA
4542,NA
1656,NA
9178,NA
6563,NA
3846,NA
454,NA
965,NA
2462,NA
3948,NA
9263,NA
2191,NA
9031,NA
5649,NA
779,NA
4313,NA
981,NA
1977,NA
4154,NA
4445,NA
4861,NA
1114,NA
2350,NA
663,NA
7659,NA
7163,NA
2918,NA
9318,NA
9553,NA
1989,NA
1321,NA
3831,NA
4492,NA
2951,NA
5219,NA
4107,NA
8559,NA
1605,NA
3855,NA
9095,NA
8659,NA
5006,NA
6541,NA
795,NA
8071,NA
9905,NA
2670,NA
4331,NA
7822,NA
3927,NA
9070,NA
2870,NA
8957,NA
7044,NA
8943,NA
4834,NA
2792,NA
2308,NA
7479,NA
8848,NA
6648,NA
4593,NA
8288,NA
9920,NA
5617,NA
1469,NA
450,NA
3481,NA
3891,NA
138,NA
5102,NA
9167,NA
4666,NA
3851,NA
3318,NA
4813,NA
7446,NA
1035,NA
5973,NA
8780,NA
6477,NA
8434,NA
9566,NA
287,NA
9661,NA
9738,NA
1646,NA
9678,NA
5344,NA
2198,NA
258,NA
35,NA
8373,NA
6105,NA
6407,NA
404,NA
171,NA
3309,NA
7848,NA
1723,NA
8828,NA
4061,NA
3191,NA
2483,NA
53,NA
2328,NA
4737,NA
2549,NA
7540,NA
6532,NA
8847,NA
2659,NA
5990,NA
2618,NA
4854,NA
6326,NA
527,NA
6477,NA
6405,NA
911,NA
9432,NA
8094,NA
2061,NA
2577,NA
3929,NA
3702,NA
7788,NA
9710,NA
9261,NA
1184,NA
3606,NA
8117,NA
6903,NA
8813,NA
8729,NA
8901,NA
2377,NA
2503,NA
3309,NA
9510,NA
4591,NA
8396,NA
985,NA
3525,NA
2025,NA
5387,NA
532,NA
9235,NA
1556,NA
6791,NA
3062,NA
7908,NA
6210,NA
3076,NA
4966,NA
3676,NA
5262,NA
3730,NA
4293,NA
2137,NA
2554,NA
7232,NA
3018,NA
6858,NA
3085,NA
5343,NA
6429,NA
4086,NA
6322,NA
375,NA
3743,NA
9214,NA
4166,NA
6476,NA
7126,NA
2138,NA
6580,NA
8225,NA
9155,NA
3582,NA
3565,NA
2599,NA
1746,NA
811,NA
4919,NA
6933,NA
6756,NA
3803,NA
4897,NA
1349,NA
7831,NA
3732,NA
3235,NA
9092,NA
9584,NA
8272,NA
4732,NA
4872,NA
7549,NA
428,NA
4614,NA
6377,NA
9884,NA
7688,NA
7846,NA
6739,NA
2746,NA
5130,NA
149,NA
6595,NA
1175,NA
5909,NA
3342,NA
5430,NA
2834,NA
7985,NA
3145,NA
6606,NA
9828,NA
3874,NA
7055,NA
6739,NA
4273,NA
6601,NA
4646,NA
3113,NA
7350,NA
5104,NA
9780,NA
7134,NA
9246,NA
591,NA
6134,NA
1684,NA
338,NA
3450,NA
2894,NA
6278,NA
5452,NA
1298,NA
7316,NA
3000,NA
4172,NA
2496,NA
6699,NA
4557,NA
860,NA
8831,NA
1397,NA
3878,NA
1862,NA
1306,NA
1084,NA
6104,NA
3910,NA
7962,NA
5530,NA
9793,NA
1594,NA
7530,NA
1180,NA
9251,NA
4677,NA
5505,NA
733,NA
3726,NA
654,NA
9206,NA
9948,NA
9584,NA
3108,NA
4059,NA
7246,NA
1503,NA
6802,NA
9250,NA
4021,NA
6728,NA
7465,NA
6362,NA
1179,NA
6071,NA
1716,NA
2602,NA
6220,NA
7770,NA
8945,NA
1322,NA
3257,NA
6937,NA
8247,NA
5803,NA
582,NA
345,NA
4299,NA
580,NA
9127,NA
2927,NA
7520,NA
5664,NA
1845,NA
294,NA
6851,NA
5673,NA
3638,NA
5121,NA
5042,NA
3325,NA
7216,NA
3731,NA
7826,NA
4284,NA
9427,NA
9810,NA
2519,NA
5146,NA
8646,NA
1137,NA
9219,NA
4060,NA
1219,NA
6621,NA
1084,NA
8414,NA
3235,NA
6951,NA
8294,NA
3538,NA
2162,NA
3576,NA
4429,NA
2681,NA
6297,NA
3114,NA
2036,NA
8953,NA
6928,NA
5617,NA
9705,NA
9773,NA
5790,NA
3328,NA
2184,NA
5011,NA
3525,NA
8822,NA
7924,NA
4771,NA
7901,NA
1798,NA
2326,NA
573,NA
5684,NA
1409,NA
1180,NA
3715,NA
9685,NA
1590,NA
1060,NA
8093,NA
3626,NA
7260,NA
5436,NA
1448,NA
2199,NA
7151,NA
6088,NA
475,NA
492,NA
7944,NA
1202,NA
2109,NA
7724,NA
2886,NA
3085,NA
5564,NA
8141,NA
1529,NA
2694,NA
6397,NA
3329,NA
2915,NA
7359,NA
3082,NA
3478,NA
1765,NA
7735,NA
782,NA
6648,NA
6028,NA
4454,NA
7282,NA
2124,NA
9266,NA
2329,NA
3752,NA
7294,NA
3966,NA
7625,NA
9838,NA
456,NA
8891,NA
3534,NA
7727,NA
4660,NA
907,NA
516,NA
3115,NA
6590,NA
3652,NA
7613,NA
2677,NA
2335,NA
1103,NA
7471,NA
6143,NA
4420,NA
4543,NA
7884,NA
7440,NA
3395,NA
3270,NA
8861,NA
7936,NA
2757,NA
4918,NA
1382,NA
3995,NA
8082,NA
8120,NA
6636,NA
9515,NA
3047,NA
3873,NA
244,NA
1360,NA
6620,NA
3464,NA
4227,NA
6937,NA
1456,NA
4223,NA
9468,NA
7180,NA
8099,NA
7673,NA
5833,NA
9561,NA
7297,NA
2028,NA
9860,NA
6895,NA
8716,NA
1551,NA
1667,NA
3122,NA
9334,NA
8806,NA
5477,NA
7421,NA
8848,NA
2213,NA
1246,NA
4520,NA
9854,NA
5666,NA
332,NA
9381,NA
8523,NA
3325,NA
576,NA
8036,NA
1148,NA
8170,NA
1808,NA
8735,NA
6631,NA
3349,NA
4589,NA
3757,NA
4241,NA
8290,NA
7628,NA
4995,NA
6749,NA
2421,NA
2685,NA
4685,NA
1952,NA
3713,NA
2479,NA
1809,NA
8435,NA
5990,NA
7139,NA
5769,NA
5174,NA
8595,NA
2258,NA
2201,NA
3561,NA
705,NA
9422,NA
7889,NA
1275,NA
3897,NA
6558,NA
3605,NA
8250,NA
6374,NA
199,NA
6065,NA
4140,NA
987,NA
1010,NA
3378,NA
7214,NA
567,NA
9249,NA
4228,NA
3657,NA
955,NA
9692,NA
8337,NA
1164,NA
1759,NA
3392,NA
5665,NA
2575,NA
9223,NA
7711,NA
455,NA
8672,NA
8703,NA
7718,NA
664,NA
2588,NA
9204,NA
5294,NA
8137,NA
5383,NA
6454,NA
6836,NA
6424,NA
5547,NA
3018,NA
4178,NA
3312,NA
6755,NA
3129,NA
7467,NA
5134,NA
3116,NA
7766,NA
4749,NA
2819,NA
6513,NA
4496,NA
5065,NA
9369,NA
3634,NA
4995,NA
5213,NA
6860,NA
6286,NA
1303,NA
6157,NA
7281,NA
587,NA
3448,NA
4466,NA
6933,NA
358,NA
1579,NA
7132,NA
509,NA
9775,NA
9382,NA
9414,NA
841,NA
1546,NA
6542,NA
7603,NA
4165,NA
2865,NA
5845,NA
220,NA
8740,NA
2220,NA
821,NA
489,NA
5961,NA
5559,NA
6237,NA
3928,NA
9880,NA
3925,NA
5860,NA
4641,NA
6346,NA
7588,NA
7575,NA
2783,NA
2079,NA
921,NA
9604,NA
687,NA
5307,NA
2475,NA
925,NA
1150,NA
3194,NA
6097,NA
8772,NA
1945,NA
3951,NA
6687,NA
4521,NA
7864,NA
9074,NA
7331,NA
7710,NA
2465,NA
466,NA
6806,NA
5021,NA
8259,NA
1830,NA
9536,NA
8039,NA
3821,NA
3378,NA
2327,NA
3785,NA
7271,NA
6572,NA
5172,NA
5458,NA
5342,NA
1806,NA
9612,NA
4364,NA
178,NA
7420,NA
7884,NA
3962,NA
5997,NA
1609,NA
5803,NA
1174,NA
9161,NA
2464,NA
7219,NA
2678,NA
422,NA
9782,NA
2377,NA
7720,NA
4710,NA
9181,NA
295,NA
9213,NA
364,NA
9374,NA
974,NA
2177,NA
3565,NA
3273,NA
8479,NA
1874,NA
9993,NA
1807,NA
8664,NA
2850,NA
5764,NA
3302,NA
9740,NA
2613,NA
6426,NA
6456,NA
428,NA
4962,NA
523,NA
2859,NA
2133,NA
4446,NA
35,NA
5875,NA
4981,NA
9129,NA
131,NA
3081,NA
18,NA
8496,NA
852,NA
1565,NA
2497,NA
9263,NA
1619,NA
7125,NA
8251,NA
7127,NA
4285,NA
3416,NA
7906,NA
7684,NA
9888,NA
259,NA
9618,NA
9247,NA
1482,NA
4317,NA
1828,NA
181,NA
4344,NA
909,NA
9156,NA
2853,NA
6360,NA
1501,NA
9157,NA
1905,NA
3036,NA
1451,NA
2233,NA
7248,NA
203,NA
2522,NA
1150,NA
1950,NA
2789,NA
8747,NA
1832,NA
3829,NA
9106,NA
2508,NA
3838,NA
6377,NA
9074,NA
6263,NA
2744,NA
9592,NA
2698,NA
9475,NA
8263,NA
4132,NA
8920,NA
5705,NA
8727,NA
8173,NA
9185,NA
9751,NA
7702,NA
8005,NA
5289,NA
5493,NA
6545,NA
9432,NA
3083,NA
9685,NA
592,NA
8218,NA
4611,NA
9187,NA
1110,NA
8605,NA
9118,NA
8063,NA
6339,NA
7061,NA
9247,NA
9132,NA
9080,NA
8671,NA
2351,NA
1716,NA
8075,NA
6036,NA
2373,NA
9231,NA
4347,NA
9088,NA
6956,NA
9956,NA
6284,NA
9767,NA
3119,NA
3012,NA
6447,NA
3755,NA
5530,NA
6386,NA
6427,NA
6565,NA
5259,NA
6569,NA
6527,NA
4805,NA
1441,NA
6574,NA
3648,NA
7635,NA
8950,NA
1629,NA
6597,NA
8272,NA
4610,NA
6125,NA
5263,NA
7765,NA
1549,NA
508,NA
4375,NA
8082,NA
3376,NA
4862,NA
5108,NA
114,NA
4325,NA
84,NA
1102,NA
3698,NA
1564,NA
783,NA
4776,NA
9379,NA
2624,NA
3712,NA
9606,NA
5097,NA
3832,NA
111,NA
7620,NA
7374,NA
8589,NA
8734,NA
3276,NA
5737,NA
6163,NA
9341,NA
1843,NA
6429,NA
8880,NA
1151,NA
296,NA
4325,NA
8580,NA
4932,NA
8385,NA
5049,NA
5519,NA
8786,NA
4495,NA
8004,NA
3009,NA
2697,NA
3577,NA
6484,NA
9180,NA
2833,NA
5508,NA
7408,NA
9512,NA
1815,NA
7107,NA
655,NA
1431,NA
8583,NA
4954,NA
3328,NA
9289,NA
8618,NA
1954,NA
353,NA
6569,NA
8677,NA
2819,NA
4954,NA
3895,NA
70,NA
4976,NA
1462,NA
8765,NA
8024,NA
9774,NA
8011,NA
2962,NA
2833,NA
4477,NA
9467,NA
8316,NA
5271,NA
107,NA
1535,NA
6730,NA
7138,NA
3840,NA
4614,NA
834,NA
1043,NA
8021,NA
5539,NA
159,NA
4923,NA
6793,NA
1805,NA
4556,NA
9715,NA
7404,NA
6912,NA
2492,NA
7012,NA
5,NA
416,NA
5714,NA
4623,NA
8252,NA
3653,NA
538,NA
5784,NA
7003,NA
8917,NA
543,NA
8742,NA
5591,NA
575,NA
3714,NA
3872,NA
7754,NA
1274,NA
4500,NA
6294,NA
306,NA
4234,NA
2570,NA
6798,NA
4461,NA
8985,NA
5231,NA
6893,NA
8618,NA
7344,NA
9868,NA
1525,NA
7703,NA
3602,NA
2162,NA
5351,NA
1682,NA
8307,NA
1299,NA
5588,NA
6305,NA
343,NA
8219,NA
1679,NA
6936,NA
2992,NA
6711,NA
2168,NA
7345,NA
5625,NA
3893,NA
9540,NA
4548,NA
6939,NA
1540,NA
3785,NA
3219,NA
2669,NA
7883,NA
6221,NA
5474,NA
3037,NA
5560,NA
7613,NA
4961,NA
8325,NA
8424,NA
125,NA
8258,NA
1769,NA
7186,NA
760,NA
1769,NA
8408,NA
3108,NA
6113,NA
9596,NA
6425,NA
6177,NA
637,NA
2234,NA
9300,NA
8052,NA
3835,NA
2497,NA
9249,NA
5373,NA
9885,NA
1796,NA
7330,NA
2172,NA
8356,NA
4387,NA
1043,NA
409,NA
8988,NA
4011,NA
1644,NA
110,NA
247,NA
6415,NA
4599,NA
5935,NA
704,NA
1216,NA
5135,NA
365,NA
8596,NA
8386,NA
6934,NA
4606,NA
4785,NA
162,NA
9548,NA
2694,NA
4114,NA
9203,NA
6069,NA
7731,NA
4283,NA
3982,NA
6170,NA
7965,NA
2710,NA
3520,NA
4754,NA
8632,NA
6533,NA
1301,NA
3722,NA
5840,NA
57,NA
2671,NA
439,NA
8771,NA
2030,NA
4870,NA
8983,NA
3008,NA
8636,NA
3677,NA
6480,NA
887,NA
2344,NA
250,NA
9853,NA
5384,NA
3772,NA
4287,NA
5493,NA
4303,NA
9119,NA
3898,NA
8328,NA
1497,NA
4210,NA
2272,NA
2786,NA
3887,NA
1616,NA
6106,NA
2148,NA
3128,NA
1873,NA
7370,NA
7692,NA
8083,NA
9955,NA
9311,NA
7284,NA
7017,NA
6229,NA
8225,NA
5939,NA
478,NA
4423,NA
8503,NA
1239,NA
7150,NA
1810,NA
1300,NA
8407,NA
308,NA
7098,NA
9324,NA
7503,NA
8169,NA
2184,NA
8437,NA
4674,NA
8126,NA
8453,NA
2259,NA
7251,NA
4836,NA
8851,NA
5108,NA
919,NA
8808,NA
261,NA
6932,NA
2942,NA
1719,NA
9850,NA
4520,NA
2576,NA
205,NA
570,NA
1812,NA
1970,NA
2371,NA
5825,NA
989,NA
8587,NA
190,NA
3148,NA
79,NA
8689,NA
866,NA
7163,NA
8056,NA
7684,NA
2918,NA
3308,NA
2094,NA
5631,NA
9349,NA
5557,NA
4062,NA
8507,NA
6055,NA
8600,NA
7146,NA
6361,NA
2267,NA
6445,NA
1758,NA
5231,NA
8997,NA
8289,NA
9861,NA
8151,NA
4920,NA
9353,NA
3910,NA
7618,NA
1295,NA
9039,NA
4247,NA
5737,NA
196,NA
5178,NA
3921,NA
640,NA
3579,NA
8738,NA
7443,NA
5206,NA
482,NA
1207,NA
9550,NA
368,NA
9016,NA
6627,NA
4619,NA
5275,NA
2462,NA
8182,NA
9785,NA
1885,NA
5671,NA
8878,NA
5803,NA
3637,NA
5348,NA
692,NA
1688,NA
99,NA
4007,NA
6892,NA
7622,NA
5247,NA
1816,NA
5344,NA
7997,NA
7212,NA
5127,NA
7565,NA
1696,NA
5204,NA
7499,NA
7901,NA
7899,NA
6557,NA
3524,NA
4629,NA
8247,NA
2265,NA
3898,NA
2622,NA
9867,NA
5400,NA
1035,NA
782,NA
8758,NA
6094,NA
8750,NA
4458,NA
3821,NA
8496,NA
2327,NA
911,NA
3465,NA
2240,NA
6366,NA
5247,NA
7258,NA
3944,NA
9684,NA
4537,NA
7832,NA
4325,NA
3339,NA
7950,NA
500,NA
7046,NA
2455,NA
8244,NA
8790,NA
1288,NA
7326,NA
2536,NA
9686,NA
4522,NA
9705,NA
4796,NA
8583,NA
3030,NA
5316,NA
8888,NA
9803,NA
3122,NA
6421,NA
2677,NA
742,NA
2239,NA
8157,NA
446,NA
7019,NA
9251,NA
1415,NA
6460,NA
1100,NA
1854,NA
1970,NA
2619,NA
3022,NA
1184,NA
1038,NA
6375,NA
12,NA
3820,NA
3229,NA
3663,NA
337,NA
9962,NA
1538,NA
3305,NA
7623,NA
7918,NA
5110,NA
233,NA
8233,NA
5660,NA
568,NA
6857,NA
5896,NA
1332,NA
1445,NA
6811,NA
2799,NA
7864,NA
4527,NA
8172,NA
9814,NA
925,NA
404,NA
5971,NA
3375,NA
6766,NA
7,NA
3019,NA
8252,NA
2230,NA
1600,NA
7596,NA
9712,NA
8979,NA
987,NA
7377,NA
4318,NA
1820,NA
7822,NA
1401,NA
7466,NA
5491,NA
2182,NA
898,NA
4805,NA
8132,NA
209,NA
9283,NA
5663,NA
6963,NA
4440,NA
5147,NA
3515,NA
1250,NA
5167,NA
9087,NA
2343,NA
4174,NA
6084,NA
8645,NA
8710,NA
8381,NA
8267,NA
1884,NA
4419,NA
280,NA
1601,NA
6549,NA
4759,NA
6614,NA
9443,NA
8758,NA
737,NA
6298,NA
3324,NA
3519,NA
8914,NA
2395,NA
8952,NA
8630,NA
372,NA
8944,NA
5287,NA
9001,NA
3392,NA
8318,NA
7845,NA
7237,NA
59,NA
1294,NA
9366,NA
6648,NA
3997,NA
6417,NA
8003,NA
4085,NA
5371,NA
6711,NA
7565,NA
6480,NA
8651,NA
3663,NA
533,NA
8691,NA
3095,NA
6381,NA
8748,NA
8447,NA
2117,NA
5204,NA
3129,NA
8320,NA
1364,NA
375,NA
4099,NA
6532,NA
3242,NA
9697,NA
1733,NA
5331,NA
8722,NA
2094,NA
2494,NA
6474,NA
927,NA
1657,NA
9522,NA
3817,NA
5609,NA
6451,NA
2725,NA
4317,NA
8463,NA
8246,NA
8969,NA
161,NA
7451,NA
4103,NA
2421,NA
4080,NA
5106,NA
8002,NA
2853,NA
6899,NA
9657,NA
5210,NA
2788,NA
2911,NA
477,NA
3863,NA
5226,NA
3399,NA
8357,NA
8239,NA
6725,NA
2371,NA
3963,NA
3858,NA
4156,NA
7886,NA
2602,NA
3104,NA
6351,NA
4650,NA
3125,NA
8696,NA
6183,NA
9680,NA
5311,NA
6395,NA
9026,NA
1259,NA
5396,NA
6751,NA
9218,NA
2052,NA
165,NA
310,NA
6069,NA
9872,NA
6962,NA
2358,NA
9916,NA
1424,NA
5480,NA
3151,NA
4760,NA
9652,NA
8224,NA
2642,NA
5788,NA
1779,NA
8960,NA
2671,NA
3340,NA
7072,NA
2733,NA
2100,NA
6414,NA
1330,NA
2319,NA
3473,NA
6983,NA
3856,NA
2782,NA
8100,NA
3643,NA
179,NA
2583,NA
2843,NA
8487,NA
4132,NA
4379,NA
1510,NA
6070,NA
3880,NA
1728,NA
4423,NA
1295,NA
1277,NA
5572,NA
1631,NA
9003,NA
7595,NA
2086,NA
8994,NA
708,NA
2920,NA
8483,NA
3000,NA
4481,NA
1141,NA
5211,NA
5762,NA
7634,NA
8819,NA
9281,NA
5257,NA
6510,NA
709,NA
9727,NA
7199,NA
576,NA
6729,NA
2728,NA
2030,NA
1308,NA
4450,NA
7277,NA
6394,NA
2248,NA
8146,NA
1952,NA
3458,NA
6320,NA
8066,NA
3107,NA
8067,NA
5379,NA
3725,NA
3679,NA
3175,NA
5044,NA
6576,NA
6832,NA
2991,NA
7989,NA
8646,NA
8281,NA
9715,NA
7618,NA
4496,NA
3124,NA
8502,NA
1917,NA
1123,NA
4438,NA
2938,NA
8889,NA
9334,NA
8447,NA
8646,NA
160,NA
319,NA
2908,NA
2768,NA
2246,NA
7179,NA
1789,NA
4428,NA
9619,NA
3509,NA
4901,NA
1196,NA
5564,NA
1716,NA
525,NA
1066,NA
7643,NA
8289,NA
2166,NA
1820,NA
387,NA
7310,NA
6033,NA
6337,NA
7409,NA
3009,NA
7276,NA
9830,NA
2492,NA
819,NA
3839,NA
6031,NA
3805,NA
3701,NA
3250,NA
282,NA
6827,NA
8965,NA
4291,NA
3409,NA
912,NA
7558,NA
7157,NA
2806,NA
1998,NA
3549,NA
7400,NA
4353,NA
381,NA
5364,NA
1266,NA
8902,NA
410,NA
8308,NA
3832,NA
8895,NA
8702,NA
1882,NA
6165,NA
9952,NA
3484,NA
2503,NA
7448,NA
7002,NA
5715,NA
5481,NA
1044,NA
5463,NA
2851,NA
3696,NA
236,NA
8315,NA
9249,NA
8862,NA
7952,NA
4779,NA
6626,NA
2984,NA
6958,NA
8587,NA
9333,NA
5424,NA
9708,NA
4774,NA
9367,NA
8464,NA
1172,NA
9913,NA
6424,NA
7236,NA
2436,NA
7447,NA
9183,NA
6550,NA
1115,NA
6904,NA
3941,NA
7267,NA
100,NA
6462,NA
8800,NA
6035,NA
4969,NA
2257,NA
2768,NA
2152,NA
7690,NA
8705,NA
1326,NA
3603,NA
9189,NA
5731,NA
6622,NA
9298,NA
8648,NA
5835,NA
5895,NA
5996,NA
5253,NA
876,NA
5530,NA
7245,NA
2731,NA
6510,NA
6750,NA
3916,NA
7794,NA
8993,NA
6566,NA
4586,NA
847,NA
9829,NA
4464,NA
8302,NA
2650,NA
4783,NA
2727,NA
7302,NA
2979,NA
7187,NA
558,NA
7184,NA
5643,NA
9578,NA
8118,NA
3462,NA
5508,NA
6426,NA
8889,NA
4408,NA
8255,NA
2766,NA
3468,NA
4187,NA
9956,NA
447,NA
8010,NA
2742,NA
2756,NA
1120,NA
6100,NA
6390,NA
733,NA
4042,NA
3253,NA
1352,NA
1110,NA
3243,NA
6651,NA
4136,NA
1815,NA
5705,NA
5544,NA
7424,NA
3771,NA
3292,NA
142,NA
6429,NA
438,NA
5941,NA
4532,NA
2328,NA
5995,NA
8336,NA
455,NA
5969,NA
5801,NA
9802,NA
2408,NA
5002,NA
2229,NA
7846,NA
543,NA
9481,NA
2180,NA
2898,NA
6806,NA
1009,NA
9245,NA
9900,NA
2778,NA
1878,NA
5372,NA
2672,NA
1205,NA
3734,NA
3043,NA
238,NA
7563,NA
4198,NA
7471,NA
5590,NA
7730,NA
2425,NA
7571,NA
6499,NA
3070,NA
8164,NA
2316,NA
7333,NA
1537,NA
7783,NA
9745,NA
1731,NA
2378,NA
110,NA
886,NA
8340,NA
1656,NA
786,NA
810,NA
5272,NA
4220,NA
4509,NA
7939,NA
9487,NA
9804,NA
9387,NA
8676,NA
8493,NA
2922,NA
9434,NA
4811,NA
8858,NA
5738,NA
3495,NA
3221,NA
3984,NA
6628,NA
5953,NA
8305,NA
2161,NA
4564,NA
9039,NA
8760,NA
8018,NA
8988,NA
2012,NA
2106,NA
2944,NA
1146,NA
651,NA
5940,NA
1010,NA
3611,NA
48,NA
8330,NA
4318,NA
4117,NA
9004,NA
490,NA
7990,NA
6261,NA
8566,NA
6979,NA
7389,NA
6811,NA
1019,NA
4219,NA
3151,NA
1722,NA
6729,NA
3974,NA
3278,NA
8810,NA
4781,NA
9051,NA
5041,NA
9141,NA
8767,NA
6950,NA
2841,NA
7210,NA
6279,NA
6932,NA
4808,NA
6437,NA
6493,NA
776,NA
4700,NA
373,NA
2684,NA
2828,NA
9923,NA
2049,NA
9852,NA
3178,NA
7937,NA
5585,NA
779,NA
6376,NA
4878,NA
8410,NA
1053,NA
3067,NA
787,NA
6144,NA
609,NA
6080,NA
7639,NA
9685,NA
1768,NA
508,NA
4323,NA
4135,NA
5433,NA
4496,NA
3702,NA
2356,NA
6334,NA
1346,NA
1669,NA
342,NA
231,NA
6079,NA
9195,NA
8076,NA
917,NA
1559,NA
9999,NA
4197,NA
4937,NA
7037,NA
7457,NA
8472,NA
5038,NA
8465,NA
7137,NA
8973,NA
9083,NA
7893,NA
9827,NA
7988,NA
9446,NA
7059,NA
2371,NA
1197,NA
4853,NA
9144,NA
3589,NA
706,NA
8568,NA
8076,NA
1556,NA
1268,NA
7361,NA
9410,NA
3383,NA
7398,NA
2509,NA
7250,NA
3728,NA
688,NA
1920,NA
1034,NA
7599,NA
4682,NA
157,NA
6422,NA
3149,NA
3898,NA
5237,NA
4948,NA
4151,NA
2890,NA
7371,NA
2483,NA
2085,NA
5782,NA
6737,NA
5693,NA
2416,NA
8584,NA
7720,NA
962,NA
4055,NA
3590,NA
8776,NA
164,NA
5184,NA
1030,NA
3607,NA
7664,NA
4449,NA
5612,NA
2565,NA
3598,NA
3110,NA
8109,NA
4094,NA
23,NA
2830,NA
7495,NA
3380,NA
1797,NA
3533,NA
6156,NA
435,NA
7040,NA
5620,NA
7336,NA
1776,NA
1896,NA
914,NA
8417,NA
6294,NA
686,NA
238,NA
8047,NA
4383,NA
6335,NA
9444,NA
6005,NA
2104,NA
8504,NA
6649,NA
7041,NA
7812,NA
4401,NA
9615,NA
121,NA
3415,NA
7448,NA
4567,NA
6127,NA
3659,NA
8530,NA
2130,NA
2373,NA
5365,NA
7542,NA
2203,NA
9171,NA
35,NA
1114,NA
5802,NA
8095,NA
518,NA
9414,NA
4094,NA
9240,NA
1895,NA
861,NA
5011,NA
9787,NA
9754,NA
4077,NA
2269,NA
4881,NA
9074,NA
1780,NA
7939,NA
8085,NA
5387,NA
4769,NA
961,NA
5146,NA
4917,NA
2154,NA
6450,NA
8572,NA
257,NA
9570,NA
4777,NA
1064,NA
7519,NA
7505,NA
4049,NA
5144,NA
8069,NA
1575,NA
3822,NA
5130,NA
8455,NA
8097,NA
4062,NA
4933,NA
912,NA
2197,NA
5860,NA
9404,NA
9470,NA
1150,NA
122,NA
3773,NA
9109,NA
40,NA
6767,NA
6339,NA
532,NA
9111,NA
159,NA
6679,NA
8017,NA
4727,NA
4202,NA
3373,NA
3674,NA
241,NA
2989,NA
7016,NA
9937,NA
6133,NA
3802,NA
7876,NA
9771,NA
282,NA
5470,NA
9223,NA
1532,NA
6947,NA
7374,NA
5282,NA
8693,NA
4381,NA
3594,NA
9252,NA
4452,NA
8713,NA
6834,NA
4023,NA
5883,NA
2552,NA
873,NA
6306,NA
1548,NA
1,NA
9391,NA
9635,NA
5367,NA
7399,NA
12,NA
2735,NA
4111,NA
6712,NA
3660,NA
9999,NA
3483,NA
7817,NA
3062,NA
241,NA
8075,NA
3605,NA
6125,NA
1368,NA
2225,NA
3196,NA
9309,NA
6912,NA
4627,NA
9788,NA
2306,NA
9526,NA
7823,NA
9543,NA
5255,NA
4643,NA
2107,NA
3262,NA
818,NA
5483,NA
8891,NA
7338,NA
9863,NA
7698,NA
6501,NA
1479,NA
2676,NA
7974,NA
1298,NA
4643,NA
1196,NA
9613,NA
9638,NA
3687,NA
4215,NA
2654,NA
8723,NA
7354,NA
9868,NA
9029,NA
2719,NA
2634,NA
2972,NA
9098,NA
8668,NA
6264,NA
8199,NA
8568,NA
9660,NA
6541,NA
2668,NA
8305,NA
5108,NA
4349,NA
6988,NA
17,NA
1833,NA
1293,NA
9285,NA
2025,NA
7885,NA
9628,NA
1222,NA
2461,NA
5589,NA
8782,NA
4845,NA
9441,NA
1288,NA
8063,NA
5105,NA
2479,NA
7391,NA
443,NA
5378,NA
1050,NA
2168,NA
6571,NA
1068,NA
981,NA
3911,NA
8795,NA
5924,NA
6735,NA
678,NA
6199,NA
4805,NA
3144,NA
4872,NA
5876,NA
2381,NA
3827,NA
320,NA
8436,NA
9520,NA
8096,NA
8729,NA
5609,NA
2147,NA
7884,NA
6220,NA
9998,NA
4232,NA
1761,NA
745,NA
6874,NA
1048,NA
6567,NA
3689,NA
6382,NA
3521,NA
8246,NA
6967,NA
8936,NA
2158,NA
3139,NA
6027,NA
564,NA
7373,NA
6314,NA
4495,NA
7663,NA
8741,NA
4519,NA
7214,NA
7242,NA
4893,NA
8019,NA
4182,NA
5582,NA
6985,NA
821,NA
5767,NA
4826,NA
5555,NA
9374,NA
7126,NA
4094,NA
1235,NA
2093,NA
5030,NA
2150,NA
7482,NA
1560,NA
9297,NA
5624,NA
1005,NA
7248,NA
8290,NA
5603,NA
1753,NA
3622,NA
1585,NA
3200,NA
3609,NA
8782,NA
1650,NA
4151,NA
8838,NA
1436,NA
5561,NA
5692,NA
3512,NA
8256,NA
1864,NA
1608,NA
1714,NA
9928,NA
6325,NA
1083,NA
2221,NA
5927,NA
616,NA
3802,NA
8625,NA
807,NA
6753,NA
9429,NA
7774,NA
3074,NA
8504,NA
2623,NA
4612,NA
3537,NA
353,NA
5946,NA
9564,NA
4094,NA
4069,NA
3153,NA
1336,NA
803,NA
1762,NA
7529,NA
4929,NA
4490,NA
1414,NA
6059,NA
4636,NA
7430,NA
8159,NA
2166,NA
5527,NA
9641,NA
9350,NA
751,NA
8190,NA
3889,NA
3062,NA
9935,NA
5908,NA
5098,NA
4736,NA
1915,NA
9078,NA
5917,NA
9572,NA
1921,NA
5949,NA
1323,NA
4615,NA
5615,NA
2640,NA
772,NA
829,NA
2944,NA
3764,NA
6902,NA
8478,NA
1597,NA
6750,NA
2408,NA
5572,NA
1072,NA
4104,NA
357,NA
2937,NA
866,NA
37,NA
2433,NA
7552,NA
3166,NA
9592,NA
949,NA
6466,NA
9744,NA
9252,NA
3636,NA
5302,NA
9386,NA
7953,NA
7044,NA
5013,NA
3612,NA
9475,NA
9216,NA
5760,NA
8223,NA
8477,NA
9387,NA
4968,NA
6245,NA
4369,NA
7967,NA
8142,NA
6299,NA
678,NA
2840,NA
5000,NA
6539,NA
6662,NA
3992,NA
5915,NA
5979,NA
3516,NA
8069,NA
3220,NA
8443,NA
8899,NA
2996,NA
3307,NA
3522,NA
9285,NA
7466,NA
8902,NA
6311,NA
5662,NA
5470,NA
3088,NA
1612,NA
1481,NA
8881,NA
3337,NA
4631,NA
4371,NA
255,NA
8401,NA
4600,NA
2822,NA
7771,NA
4906,NA
7863,NA
5409,NA
5429,NA
8578,NA
9431,NA
7868,NA
6974,NA
7766,NA
9683,NA
414,NA
5162,NA
3375,NA
1806,NA
7612,NA
4345,NA
6989,NA
9216,NA
8047,NA
4649,NA
9639,NA
4811,NA
1624,NA
4182,NA
1419,NA
4539,NA
714,NA
2942,NA
6028,NA
1752,NA
9436,NA
9739,NA
766,NA
9697,NA
6345,NA
6515,NA
3221,NA
489,NA
4670,NA
7183,NA
1323,NA
6626,NA
8137,NA
1254,NA
1564,NA
703,NA
7685,NA
1531,NA
9903,NA
5844,NA
7452,NA
2014,NA
943,NA
2204,NA
7925,NA
9579,NA
1764,NA
9028,NA
7709,NA
89,NA
8393,NA
4618,NA
909,NA
4630,NA
5695,NA
4018,NA
2052,NA
6340,NA
2859,NA
4105,NA
9536,NA
6491,NA
4401,NA
749,NA
8812,NA
163,NA
8876,NA
6298,NA
5002,NA
4599,NA
9785,NA
3604,NA
5487,NA
2324,NA
7299,NA
202,NA
3036,NA
6526,NA
1742,NA
990,NA
657,NA
2614,NA
5639,NA
2460,NA
8504,NA
8897,NA
5836,NA
8089,NA
6452,NA
882,NA
2360,NA
3257,NA
6133,NA
788,NA
6757,NA
6724,NA
46,NA
976,NA
311,NA
2913,NA
8705,NA
2374,NA
5423,NA
1231,NA
3885,NA
8244,NA
3439,NA
752,NA
3221,NA
1025,NA
6308,NA
2337,NA
8542,NA
8502,NA
3970,NA
5986,NA
9311,NA
6907,NA
8538,NA
2948,NA
302,NA
8328,NA
9738,NA
9977,NA
7222,NA
9730,NA
2817,NA
1491,NA
3106,NA
5855,NA
1582,NA
532,NA
9249,NA
3420,NA
7877,NA
110,NA
3373,NA
1785,NA
7865,NA
8408,NA
3068,NA
3326,NA
4415,NA
9186,NA
7541,NA
2524,NA
3673,NA
5398,NA
2375,NA
2149,NA
3946,NA
1160,NA
1425,NA
851,NA
3637,NA
451,NA
4945,NA
1409,NA
8123,NA
1102,NA
731,NA
1117,NA
6239,NA
6830,NA
3952,NA
181,NA
5188,NA
4744,NA
3537,NA
6932,NA
4997,NA
9353,NA
2349,NA
9608,NA
1521,NA
6762,NA
3827,NA
357,NA
7114,NA
3070,NA
6306,NA
3762,NA
1055,NA
2578,NA
8381,NA
8610,NA
236,NA
9654,NA
1924,NA
7244,NA
7964,NA
2379,NA
816,NA
5146,NA
969,NA
4512,NA
4439,NA
5996,NA
1005,NA
9705,NA
8345,NA
5938,NA
4302,NA
5867,NA
8408,NA
885,NA
1547,NA
6341,NA
732,NA
780,NA
9943,NA
5227,NA
6536,NA
3351,NA
4915,NA
5294,NA
4001,NA
320,NA
4866,NA
5236,NA
7378,NA
6118,NA
908,NA
1733,NA
645,NA
1600,NA
480,NA
432,NA
5271,NA
1890,NA
9739,NA
3149,NA
5125,NA
9530,NA
3909,NA
6740,NA
3561,NA
6812,NA
5220,NA
2645,NA
1884,NA
6118,NA
741,NA
410,NA
9268,NA
3148,NA
9656,NA
9391,NA
668,NA
2029,NA
4228,NA
7569,NA
6376,NA
9587,NA
2994,NA
9513,NA
1312,NA
1008,NA
7160,NA
4089,NA
7340,NA
3753,NA
7420,NA
9100,NA
3547,NA
8293,NA
3518,NA
1934,NA
2220,NA
2994,NA
6537,NA
1785,NA
7785,NA
108,NA
4514,NA
3746,NA
3927,NA
3159,NA
9730,NA
6122,NA
9046,NA
3062,NA
1770,NA
6690,NA
8853,NA
5258,NA
2965,NA
85,NA
1390,NA
9009,NA
779,NA
444,NA
6723,NA
9434,NA
3251,NA
4132,NA
8700,NA
1573,NA
7587,NA
1710,NA
7181,NA
9469,NA
4955,NA
2170,NA
3373,NA
7258,NA
7833,NA
6774,NA
670,NA
8897,NA
9393,NA
3231,NA
8419,NA
3219,NA
2953,NA
5264,NA
5167,NA
8243,NA
3947,NA
7810,NA
9510,NA
4023,NA
8148,NA
4286,NA
3464,NA
2901,NA
9081,NA
266,NA
7590,NA
4990,NA
4527,NA
4489,NA
297,NA
3303,NA
6425,NA
2839,NA
9131,NA
829,NA
877,NA
2081,NA
1360,NA
7184,NA
9872,NA
7656,NA
440,NA
4573,NA
4095,NA
1299,NA
5097,NA
461,NA
4881,NA
4330,NA
9951,NA
3139,NA
2157,NA
3931,NA
5026,NA
9478,NA
22,NA
157,NA
2582,NA
5159,NA
588,NA
4728,NA
8524,NA
8877,NA
6633,NA
8836,NA
4501,NA
2045,NA
3756,NA
1335,NA
2749,NA
2799,NA
6547,NA
1284,NA
1056,NA
8391,NA
1270,NA
5393,NA
9928,NA
9520,NA
2783,NA
4848,NA
1874,NA
8686,NA
4628,NA
6196,NA
645,NA
5927,NA
4542,NA
5492,NA
2426,NA
5869,NA
2101,NA
1095,NA
4272,NA
9409,NA
1807,NA
3454,NA
6113,NA
4810,NA
4478,NA
126,NA
3927,NA
2168,NA
7114,NA
1023,NA
7953,NA
8496,NA
5278,NA
9781,NA
1322,NA
3232,NA
6648,NA
5640,NA
2931,NA
5913,NA
9937,NA
9983,NA
1275,NA
7803,NA
9579,NA
4978,NA
6156,NA
4665,NA
6530,NA
3760,NA
5792,NA
8053,NA
7665,NA
9607,NA
4147,NA
2560,NA
5504,NA
8702,NA
450,NA
2270,NA
3347,NA
8482,NA
5660,NA
9087,NA
5218,NA
7800,NA
5371,NA
8500,NA
2231,NA
2786,NA
109,NA
3640,NA
5854,NA
2519,NA
4474,NA
5295,NA
7452,NA
1237,NA
721,NA
5208,NA
5370,NA
5804,NA
8724,NA
6117,NA
1493,NA
6489,NA
987,NA
3041,NA
3975,NA
7560,NA
617,NA
5601,NA
8257,NA
4877,NA
1808,NA
1721,NA
5405,NA
9760,NA
2302,NA
6031,NA
3595,NA
7437,NA
2455,NA
943,NA
8644,NA
7389,NA
3765,NA
8846,NA
2328,NA
8696,NA
1661,NA
9302,NA
1443,NA
909,NA
5755,NA
1977,NA
9925,NA
5422,NA
7490,NA
4066,NA
9835,NA
9517,NA
7883,NA
7864,NA
8930,NA
9269,NA
5431,NA
1953,NA
8338,NA
5563,NA
251,NA
1627,NA
6601,NA
3409,NA
6517,NA
2181,NA
9738,NA
761,NA
231,NA
3040,NA
601,NA
7578,NA
8026,NA
570,NA
2446,NA
1571,NA
4542,NA
3246,NA
6782,NA
5752,NA
2594,NA
6387,NA
9289,NA
4069,NA
6018,NA
8443,NA
8389,NA
6032,NA
8815,NA
2613,NA
2580,NA
2272,NA
4228,NA
8022,NA
2506,NA
3948,NA
5475,NA
55,NA
1922,NA
6547,NA
7151,NA
833,NA
8939,NA
9718,NA
5339,NA
3839,NA
8503,NA
954,NA
3267,NA
7659,NA
1494,NA
3804,NA
789,NA
38,NA
1550,NA
7575,NA
9791,NA
2443,NA
2464,NA
2184,NA
5272,NA
3059,NA
7350,NA
4781,NA
9171,NA
8004,NA
1405,NA
2493,NA
2137,NA
386,NA
8446,NA
9400,NA
9890,NA
2811,NA
8247,NA
4734,NA
6324,NA
9461,NA
4245,NA
2868,NA
4352,NA
8650,NA
8268,NA
9573,NA
9171,NA
1720,NA
3124,NA
6042,NA
1667,NA
4461,NA
9865,NA
4606,NA
4126,NA
3796,NA
4788,NA
640,NA
7594,NA
4841,NA
9174,NA
4822,NA
8867,NA
4172,NA
6482,NA
7329,NA
5370,NA
1133,NA
9380,NA
5593,NA
6845,NA
9698,NA
9051,NA
9182,NA
6782,NA
8257,NA
6981,NA
8415,NA
2333,NA
5267,NA
1851,NA
2632,NA
3278,NA
5479,NA
7814,NA
4326,NA
6268,NA
7787,NA
6256,NA
2424,NA
9766,NA
1572,NA
574,NA
5341,NA
4738,NA
2730,NA
6530,NA
1017,NA
8006,NA
1673,NA
7658,NA
1229,NA
2639,NA
2176,NA
1615,NA
4753,NA
7729,NA
9723,NA
9958,NA
7405,NA
5389,NA
8338,NA
9625,NA
794,NA
5911,NA
8446,NA
5038,NA
4434,NA
3109,NA
7430,NA
3244,NA
7510,NA
1583,NA
4546,NA
9511,NA
4190,NA
5936,NA
8428,NA
3517,NA
3493,NA
8943,NA
9054,NA
5024,NA
1711,NA
6819,NA
5393,NA
8339,NA
2177,NA
5959,NA
1936,NA
5164,NA
8642,NA
1050,NA
3771,NA
4425,NA
471,NA
853,NA
3712,NA
602,NA
697,NA
2964,NA
7654,NA
4243,NA
2187,NA
6983,NA
6277,NA
3087,NA
8278,NA
2014,NA
2018,NA
6652,NA
617,NA
2317,NA
5274,NA
2838,NA
6894,NA
7533,NA
4763,NA
9174,NA
4772,NA
8515,NA
4128,NA
1598,NA
6944,NA
7320,NA
1832,NA
5044,NA
2988,NA
5085,NA
1073,NA
2926,NA
2852,NA
959,NA
66,NA
9274,NA
8257,NA
1583,NA
9157,NA
2984,NA
1265,NA
6694,NA
1965,NA
2745,NA
8187,NA
1014,NA
7709,NA
6947,NA
7894,NA
3366,NA
3856,NA
1219,NA
471,NA
7631,NA
3328,NA
4945,NA
6837,NA
6444,NA
5360,NA
539,NA
7043,NA
1794,NA
3809,NA
9327,NA
5901,NA
6534,NA
832,NA
833,NA
317,NA
999,NA
2527,NA
1208,NA
5494,NA
16,NA
2603,NA
883,NA
3579,NA
2949,NA
4918,NA
3182,NA
6648,NA
1859,NA
6430,NA
2577,NA
5076,NA
4482,NA
7274,NA
3556,NA
5118,NA
2920,NA
6470,NA
9977,NA
5093,NA
3888,NA
9514,NA
3488,NA
2227,NA
5242,NA
5776,NA
3854,NA
5777,NA
4340,NA
3122,NA
2967,NA
2150,NA
8127,NA
9580,NA
5563,NA
4471,NA
4538,NA
603,NA
7577,NA
855,NA
5463,NA
5772,NA
7314,NA
623,NA
4973,NA
8232,NA
4160,NA
4490,NA
5563,NA
5457,NA
9492,NA
7374,NA
3787,NA
3490,NA
6634,NA
8432,NA
8999,NA
6088,NA
9814,NA
4404,NA
9781,NA
4487,NA
6881,NA
142,NA
7663,NA
960,NA
2185,NA
3263,NA
6490,NA
4974,NA
8501,NA
8884,NA
3148,NA
5727,NA
5340,NA
2822,NA
5453,NA
8046,NA
3001,NA
1656,NA
1550,NA
5998,NA
5456,NA
9705,NA
8281,NA
2991,NA
1807,NA
6878,NA
6690,NA
1289,NA
1588,NA
4517,NA
7011,NA
186,NA
1753,NA
6673,NA
2110,NA
359,NA
5080,NA
1875,NA
2003,NA
7969,NA
4025,NA
1999,NA
2656,NA
1361,NA
4115,NA
5645,NA
4621,NA
5873,NA
629,NA
190,NA
9182,NA
3688,NA
5458,NA
5133,NA
6094,NA
8811,NA
5570,NA
9097,NA
1420,NA
443,NA
6465,NA
5659,NA
4528,NA
353,NA
4783,NA
251,NA
6637,NA
8165,NA
4374,NA
7508,NA
8229,NA
4619,NA
5633,NA
2772,NA
5741,NA
4219,NA
7945,NA
860,NA
9622,NA
596,NA
6369,NA
1957,NA
5608,NA
9050,NA
9361,NA
1981,NA
5590,NA
1262,NA
632,NA
3195,NA
2574,NA
7198,NA
408,NA
8452,NA
2670,NA
2962,NA
8560,NA
8656,NA
8358,NA
4837,NA
9553,NA
9102,NA
5643,NA
840,NA
1937,NA
389,NA
377,NA
8264,NA
3219,NA
1390,NA
9685,NA
3285,NA
3892,NA
4834,NA
3378,NA
5482,NA
1117,NA
9502,NA
3934,NA
5437,NA
4809,NA
3840,NA
8227,NA
6045,NA
9656,NA
6844,NA
1363,NA
471,NA
5437,NA
9390,NA
8286,NA
9084,NA
3398,NA
4394,NA
1209,NA
7954,NA
7751,NA
8477,NA
1873,NA
1701,NA
8848,NA
7343,NA
3566,NA
9512,NA
2586,NA
8051,NA
7103,NA
2570,NA
9943,NA
9636,NA
5043,NA
913,NA
5029,NA
4472,NA
3653,NA
3936,NA
2566,NA
3900,NA
5877,NA
3495,NA
702,NA
1130,NA
1439,NA
1814,NA
8850,NA
3980,NA
5621,NA
4757,NA
935,NA
4086,NA
8991,NA
9774,NA
4541,NA
822,NA
7930,NA
7731,NA
5184,NA
4571,NA
5300,NA
4120,NA
9984,NA
5937,NA
2740,NA
479,NA
8226,NA
301,NA
7928,NA
2576,NA
4449,NA
7126,NA
13,NA
3170,NA
7066,NA
9887,NA
4112,NA
1786,NA
2072,NA
8762,NA
4834,NA
867,NA
7070,NA
4710,NA
6423,NA
9541,NA
6041,NA
2090,NA
2787,NA
964,NA
1603,NA
153,NA
4733,NA
9390,NA
3064,NA
1897,NA
7025,NA
1111,NA
5518,NA
3441,NA
2703,NA
5092,NA
9513,NA
3080,NA
1869,NA
642,NA
7475,NA
6841,NA
6456,NA
4658,NA
9576,NA
4751,NA
5835,NA
9983,NA
7807,NA
9648,NA
3918,NA
7411,NA
7189,NA
3777,NA
432,NA
9662,NA
1502,NA
5189,NA
7368,NA
6065,NA
8010,NA
8622,NA
3177,NA
848,NA
5752,NA
1618,NA
3373,NA
4029,NA
5447,NA
2740,NA
9025,NA
3195,NA
9108,NA
4645,NA
776,NA
7732,NA
8586,NA
4786,NA
1062,NA
190,NA
9677,NA
3113,NA
2985,NA
5262,NA
2839,NA
1206,NA
2793,NA
5170,NA
1892,NA
2885,NA
610,NA
8033,NA
2871,NA
6164,NA
5228,NA
1065,NA
7187,NA
176,NA
4237,NA
8639,NA
7970,NA
1883,NA
5014,NA
3508,NA
6648,NA
6192,NA
3838,NA
669,NA
8916,NA
5759,NA
883,NA
495,NA
8627,NA
1463,NA
8215,NA
7577,NA
7765,NA
2219,NA
8920,NA
2048,NA
3947,NA
3937,NA
9725,NA
3803,NA
4217,NA
8320,NA
6508,NA
3724,NA
6663,NA
4605,NA
3667,NA
2557,NA
6360,NA
2613,NA
4319,NA
2719,NA
5885,NA
4428,NA
5168,NA
1235,NA
5109,NA
5754,NA
6370,NA
6938,NA
8642,NA
9372,NA
7065,NA
9602,NA
3009,NA
3627,NA
1581,NA
3540,NA
3584,NA
3560,NA
4748,NA
9782,NA
7914,NA
9188,NA
6822,NA
7408,NA
7146,NA
7953,NA
4975,NA
5410,NA
4081,NA
7268,NA
7791,NA
9134,NA
7534,NA
2017,NA
4375,NA
336,NA
3709,NA
6169,NA
4357,NA
2421,NA
81,NA
9707,NA
6540,NA
8682,NA
3929,NA
3475,NA
3047,NA
7293,NA
6737,NA
7631,NA
2432,NA
1595,NA
1699,NA
967,NA
143,NA
8076,NA
1012,NA
8558,NA
1732,NA
7356,NA
6405,NA
1249,NA
7295,NA
4693,NA
9472,NA
8983,NA
4128,NA
3437,NA
9343,NA
7984,NA
5207,NA
8015,NA
2697,NA
4793,NA
8605,NA
3211,NA
7318,NA
3764,NA
8478,NA
3078,NA
5789,NA
7268,NA
5403,NA
6713,NA
5479,NA
9626,NA
7582,NA
5254,NA
2080,NA
1416,NA
2902,NA
9460,NA
6630,NA
9666,NA
2281,NA
3015,NA
5105,NA
5962,NA
3505,NA
8391,NA
5381,NA
1212,NA
9305,NA
5177,NA
3921,NA
6861,NA
9130,NA
3590,NA
5184,NA
4481,NA
3275,NA
1356,NA
6948,NA
1097,NA
1494,NA
8682,NA
9330,NA
9505,NA
2450,NA
4258,NA
3155,NA
7025,NA
8448,NA
848,NA
8324,NA
2244,NA
1352,NA
5140,NA
3667,NA
3026,NA
3800,NA
3267,NA
8147,NA
6049,NA
5676,NA
209,NA
8716,NA
9774,NA
9201,NA
8963,NA
5528,NA
3164,NA
2808,NA
1893,NA
6355,NA
6246,NA
8354,NA
1952,NA
7643,NA
3381,NA
1792,NA
3470,NA
2054,NA
3850,NA
7190,NA
9034,NA
545,NA
6267,NA
2912,NA
1070,NA
7956,NA
4176,NA
630,NA
7278,NA
8018,NA
5505,NA
9895,NA
9622,NA
6775,NA
1149,NA
7908,NA
7899,NA
4639,NA
9327,NA
6124,NA
4154,NA
5221,NA
6328,NA
8599,NA
3727,NA
6985,NA
6931,NA
7846,NA
3634,NA
2104,NA
941,NA
8722,NA
6041,NA
9602,NA
3281,NA
2672,NA
6743,NA
2737,NA
3131,NA
2703,NA
8443,NA
8446,NA
2273,NA
9130,NA
3566,NA
6485,NA
8202,NA
8418,NA
4996,NA
9179,NA
8893,NA
6552,NA
7242,NA
7955,NA
2279,NA
4777,NA
6228,NA
2547,NA
2302,NA
4849,NA
8317,NA
6040,NA
4414,NA
9374,NA
6673,NA
5614,NA
8349,NA
6554,NA
8652,NA
9840,NA
25,NA
452,NA
9886,NA
7339,NA
7239,NA
3175,NA
9317,NA
8619,NA
250,NA
7863,NA
5387,NA
6488,NA
3167,NA
3384,NA
8727,NA
2977,NA
3443,NA
2809,NA
6900,NA
3884,NA
5670,NA
9601,NA
3382,NA
1737,NA
8712,NA
1882,NA
7746,NA
4548,NA
1777,NA
248,NA
1881,NA
5972,NA
5427,NA
4871,NA
1472,NA
4024,NA
3404,NA
3231,NA
8894,NA
4734,NA
9495,NA
9215,NA
7575,NA
5391,NA
7821,NA
1864,NA
9456,NA
2451,NA
4238,NA
3929,NA
2838,NA
1053,NA
5221,NA
4577,NA
6830,NA
1731,NA
1373,NA
6166,NA
1984,NA
792,NA
2501,NA
775,NA
5198,NA
1385,NA
6420,NA
7527,NA
4083,NA
2071,NA
4292,NA
6374,NA
9745,NA
8392,NA
1582,NA
6021,NA
8506,NA
4224,NA
7483,NA
3947,NA
529,NA
8113,NA
648,NA
4684,NA
2669,NA
7974,NA
1767,NA
5974,NA
3489,NA
1075,NA
7792,NA
3083,NA
834,NA
5884,NA
9659,NA
6389,NA
958,NA
2941,NA
1483,NA
7992,NA
7813,NA
3501,NA
7429,NA
4816,NA
1949,NA
2195,NA
4175,NA
9581,NA
4745,NA
1014,NA
3930,NA
7404,NA
2060,NA
7049,NA
2688,NA
2526,NA
4167,NA
2145,NA
8799,NA
6536,NA
5752,NA
8458,NA
4362,NA
8487,NA
8403,NA
9944,NA
7367,NA
350,NA
6075,NA
9608,NA
3837,NA
5042,NA
650,NA
6746,NA
467,NA
7170,NA
8950,NA
6497,NA
4820,NA
3497,NA
4882,NA
6569,NA
1591,NA
9297,NA
6208,NA
320,NA
6167,NA
2864,NA
878,NA
2544,NA
8859,NA
167,NA
2860,NA
3566,NA
7877,NA
667,NA
2399,NA
9951,NA
3629,NA
4570,NA
2192,NA
3984,NA
8494,NA
1245,NA
1424,NA
1013,NA
4971,NA
5529,NA
8824,NA
6105,NA
3050,NA
1777,NA
2327,NA
441,NA
1352,NA
3316,NA
9723,NA
9874,NA
114,NA
2292,NA
1593,NA
6029,NA
1601,NA
2208,NA
3011,NA
7630,NA
7799,NA
6425,NA
3860,NA
57,NA
8072,NA
7640,NA
6111,NA
5822,NA
6614,NA
1673,NA
641,NA
933,NA
4255,NA
8690,NA
9083,NA
4309,NA
5957,NA
383,NA
2481,NA
9902,NA
7639,NA
3395,NA
7401,NA
951,NA
6022,NA
2822,NA
5345,NA
1334,NA
7921,NA
1033,NA
5248,NA
2973,NA
2818,NA
2673,NA
8087,NA
3619,NA
6075,NA
2319,NA
2446,NA
9764,NA
2996,NA
4313,NA
5265,NA
9201,NA
4344,NA
7452,NA
7535,NA
3083,NA
816,NA
4857,NA
3877,NA
986,NA
3662,NA
4688,NA
2407,NA
7438,NA
5861,NA
991,NA
4811,NA
2505,NA
72,NA
8788,NA
9696,NA
9818,NA
2085,NA
1010,NA
2508,NA
2006,NA
3662,NA
6855,NA
657,NA
8657,NA
493,NA
83,NA
6907,NA
9225,NA
3255,NA
2053,NA
4935,NA
4028,NA
764,NA
6509,NA
3590,NA
5173,NA
9933,NA
9565,NA
1784,NA
5238,NA
3082,NA
8477,NA
9224,NA
7101,NA
2308,NA
1417,NA
2467,NA
61,NA
4067,NA
9850,NA
6338,NA
4771,NA
9560,NA
9325,NA
6376,NA
568,NA
5831,NA
3305,NA
2922,NA
43,NA
1429,NA
3668,NA
3043,NA
622,NA
9321,NA
5262,NA
1776,NA
4338,NA
1575,NA
9785,NA
1205,NA
679,NA
3022,NA
851,NA
2919,NA
6197,NA
9266,NA
9987,NA
695,NA
8641,NA
9305,NA
1976,NA
675,NA
4864,NA
2702,NA
7351,NA
4607,NA
8444,NA
6861,NA
2980,NA
9418,NA
7319,NA
3021,NA
5294,NA
2217,NA
8659,NA
6492,NA
5676,NA
8470,NA
8012,NA
197,NA
7679,NA
277,NA
2562,NA
3765,NA
3635,NA
9248,NA
4529,NA
2922,NA
2395,NA
2180,NA
1524,NA
3830,NA
8131,NA
5049,NA
255,NA
3090,NA
8820,NA
3217,NA
5373,NA
8377,NA
1530,NA
9084,NA
6331,NA
7802,NA
1067,NA
2951,NA
1803,NA
2168,NA
6821,NA
5534,NA
2053,NA
2919,NA
967,NA
7845,NA
9181,NA
7448,NA
8623,NA
2737,NA
7468,NA
5971,NA
7550,NA
6431,NA
6843,NA
9094,NA
4086,NA
2521,NA
1415,NA
4465,NA
8012,NA
406,NA
9606,NA
3420,NA
7545,NA
1970,NA
7649,NA
8161,NA
1597,NA
8021,NA
9022,NA
2613,NA
1272,NA
4241,NA
7170,NA
7426,NA
6613,NA
9437,NA
7573,NA
9232,NA
6792,NA
5961,NA
6079,NA
1737,NA
5004,NA
3770,NA
5202,NA
2559,NA
6312,NA
1666,NA
9065,NA
4994,NA
151,NA
8957,NA
205,NA
3631,NA
139,NA
809,NA
6391,NA
9217,NA
6325,NA
1804,NA
4814,NA
9724,NA
4002,NA
2085,NA
1126,NA
9138,NA
9336,NA
1835,NA
5072,NA
3825,NA
4131,NA
3800,NA
4300,NA
8929,NA
2331,NA
7661,NA
8138,NA
4094,NA
9936,NA
438,NA
971,NA
4079,NA
4477,NA
6385,NA
693,NA
7282,NA
9204,NA
3526,NA
5346,NA
4595,NA
3493,NA
2862,NA
7497,NA
7145,NA
8282,NA
1026,NA
1470,NA
5697,NA
6618,NA
3219,NA
2008,NA
3824,NA
1667,NA
7010,NA
9221,NA
5693,NA
4625,NA
6622,NA
1652,NA
438,NA
5836,NA
1972,NA
3116,NA
8940,NA
2985,NA
1837,NA
8537,NA
865,NA
1464,NA
3695,NA
1529,NA
1566,NA
144,NA
8756,NA
3563,NA
7291,NA
3721,NA
3266,NA
1563,NA
5963,NA
3293,NA
7337,NA
2583,NA
9497,NA
96,NA
5079,NA
5818,NA
570,NA
3921,NA
2098,NA
900,NA
4186,NA
3595,NA
5567,NA
2866,NA
8689,NA
3972,NA
9862,NA
4214,NA
248,NA
1913,NA
511,NA
7968,NA
4088,NA
854,NA
4153,NA
8869,NA
7543,NA
2825,NA
2911,NA
9554,NA
1620,NA
5274,NA
2929,NA
7882,NA
7400,NA
9250,NA
5624,NA
318,NA
429,NA
5215,NA
6652,NA
6632,NA
8677,NA
1731,NA
4578,NA
76,NA
5105,NA
4951,NA
8363,NA
5345,NA
5648,NA
6783,NA
7358,NA
6966,NA
3214,NA
7717,NA
822,NA
2739,NA
4486,NA
4341,NA
7171,NA
8097,NA
6841,NA
8237,NA
2701,NA
223,NA
3706,NA
1309,NA
8457,NA
7803,NA
4415,NA
4865,NA
8609,NA
8089,NA
5976,NA
2529,NA
8642,NA
4751,NA
9018,NA
9436,NA
6622,NA
5367,NA
545,NA
75,NA
5812,NA
2476,NA
6299,NA
7880,NA
2803,NA
5625,NA
4418,NA
8962,NA
9151,NA
7858,NA
4716,NA
1559,NA
4457,NA
4935,NA
7014,NA
2492,NA
1298,NA
1722,NA
8722,NA
1002,NA
4831,NA
1151,NA
2487,NA
820,NA
9315,NA
1282,NA
5055,NA
6636,NA
7340,NA
5904,NA
3129,NA
9844,NA
1477,NA
4342,NA
1601,NA
6613,NA
6898,NA
2779,NA
379,NA
3188,NA
54,NA
4850,NA
9820,NA
2605,NA
1151,NA
7877,NA
5147,NA
9735,NA
1330,NA
3422,NA
2617,NA
9857,NA
6456,NA
6445,NA
9151,NA
9727,NA
9863,NA
4209,NA
130,NA
8630,NA
6909,NA
6734,NA
3386,NA
5534,NA
9798,NA
496,NA
3702,NA
5760,NA
435,NA
3470,NA
1394,NA
4148,NA
2598,NA
5892,NA
7192,NA
8657,NA
2478,NA
4562,NA
1737,NA
938,NA
4463,NA
3966,NA
8688,NA
6939,NA
9394,NA
6655,NA
5961,NA
7569,NA
3718,NA
7340,NA
2270,NA
821,NA
8733,NA
7737,NA
1252,NA
5553,NA
7379,NA
8152,NA
4367,NA
4656,NA
8521,NA
1425,NA
3191,NA
9,NA
3801,NA
9002,NA
2304,NA
5434,NA
5082,NA
2904,NA
5422,NA
7173,NA
7609,NA
4218,NA
907,NA
7385,NA
4228,NA
2297,NA
9339,NA
7784,NA
4849,NA
1117,NA
5581,NA
3191,NA
8410,NA
8128,NA
5625,NA
1995,NA
196,NA
1322,NA
7166,NA
6378,NA
423,NA
1098,NA
6793,NA
1115,NA
5819,NA
9453,NA
967,NA
5471,NA
3408,NA
2489,NA
7755,NA
5286,NA
1672,NA
8411,NA
9040,NA
8664,NA
9141,NA
6472,NA
5029,NA
7402,NA
7370,NA
2967,NA
8331,NA
9850,NA
3630,NA
9383,NA
4577,NA
5458,NA
2851,NA
9025,NA
204,NA
4117,NA
6559,NA
6180,NA
8184,NA
6351,NA
8530,NA
5520,NA
9877,NA
2667,NA
9987,NA
4047,NA
9808,NA
6565,NA
7973,NA
5565,NA
4827,NA
9689,NA
5181,NA
2720,NA
2672,NA
2724,NA
5955,NA
1918,NA
4444,NA
2435,NA
5395,NA
4024,NA
5938,NA
8534,NA
9112,NA
7620,NA
4818,NA
9542,NA
7947,NA
7714,NA
8416,NA
854,NA
5680,NA
9810,NA
1132,NA
4435,NA
4241,NA
3691,NA
3702,NA
4293,NA
2835,NA
6668,NA
5637,NA
8326,NA
415,NA
1622,NA
4946,NA
6851,NA
6165,NA
2190,NA
7088,NA
6876,NA
6236,NA
6080,NA
6670,NA
9659,NA
9725,NA
6645,NA
4015,NA
2942,NA
8703,NA
2346,NA
2014,NA
2152,NA
4675,NA
1859,NA
9228,NA
5601,NA
6660,NA
2715,NA
7313,NA
6435,NA
1734,NA
9325,NA
8132,NA
1181,NA
7097,NA
1793,NA
3122,NA
9201,NA
8638,NA
5462,NA
3670,NA
143,NA
4222,NA
2325,NA
2704,NA
6160,NA
5934,NA
3406,NA
7415,NA
1122,NA
4458,NA
2503,NA
2319,NA
2430,NA
5840,NA
4225,NA
9015,NA
6544,NA
9345,NA
4059,NA
4826,NA
6365,NA
3851,NA
3914,NA
7428,NA
7341,NA
1115,NA
8020,NA
2680,NA
983,NA
5378,NA
5995,NA
6118,NA
2752,NA
8834,NA
9675,NA
5580,NA
5464,NA
5920,NA
2954,NA
4867,NA
25,NA
4459,NA
8617,NA
5266,NA
7551,NA
6342,NA
5256,NA
1425,NA
2553,NA
8519,NA
1853,NA
2000,NA
5121,NA
5820,NA
1308,NA
2022,NA
188,NA
9243,NA
2957,NA
3150,NA
783,NA
4634,NA
8769,NA
3585,NA
8335,NA
9849,NA
2901,NA
2811,NA
8093,NA
7447,NA
2011,NA
1607,NA
4618,NA
1614,NA
8104,NA
2052,NA
7248,NA
12,NA
2960,NA
2633,NA
2105,NA
1060,NA
5996,NA
1989,NA
9484,NA
2587,NA
3602,NA
2336,NA
596,NA
2652,NA
8079,NA
1100,NA
5742,NA
8284,NA
4955,NA
9908,NA
2867,NA
3951,NA
8912,NA
7435,NA
3788,NA
1146,NA
9117,NA
3220,NA
3856,NA
8042,NA
2252,NA
9362,NA
8760,NA
453,NA
3903,NA
6797,NA
4229,NA
7985,NA
6917,NA
5065,NA
4905,NA
5895,NA
1122,NA
5695,NA
4473,NA
9220,NA
5481,NA
6347,NA
9056,NA
1156,NA
2877,NA
8485,NA
8887,NA
4782,NA
9090,NA
3692,NA
2011,NA
7654,NA
7290,NA
3096,NA
6777,NA
4111,NA
2167,NA
5787,NA
8666,NA
9558,NA
4435,NA
3869,NA
9640,NA
8991,NA
1237,NA
4607,NA
4789,NA
7160,NA
219,NA
2960,NA
3345,NA
4436,NA
4413,NA
9289,NA
9958,NA
2300,NA
445,NA
5841,NA
6666,NA
2007,NA
1080,NA
6272,NA
6444,NA
1971,NA
6920,NA
2394,NA
466,NA
9919,NA
4085,NA
960,NA
6761,NA
6125,NA
1301,NA
4309,NA
7782,NA
2360,NA
1568,NA
3086,NA
5414,NA
9373,NA
5657,NA
7082,NA
1690,NA
7939,NA
8733,NA
891,NA
3224,NA
9334,NA
2573,NA
8616,NA
916,NA
3527,NA
5943,NA
4379,NA
149,NA
441,NA
4435,NA
2829,NA
2083,NA
2537,NA
6215,NA
9574,NA
8553,NA
1601,NA
648,NA
7061,NA
8226,NA
1874,NA
990,NA
9974,NA
1415,NA
916,NA
6721,NA
6155,NA
8168,NA
8912,NA
3060,NA
5595,NA
2465,NA
219,NA
5883,NA
6709,NA
5542,NA
1983,NA
5599,NA
6115,NA
7106,NA
4081,NA
7904,NA
6918,NA
9448,NA
4355,NA
6511,NA
7894,NA
682,NA
9264,NA
6181,NA
404,NA
9641,NA
4832,NA
6874,NA
7124,NA
7689,NA
8473,NA
5879,NA
2713,NA
3956,NA
283,NA
857,NA
5408,NA
3655,NA
9140,NA
9748,NA
7539,NA
412,NA
367,NA
9469,NA
246,NA
2264,NA
5366,NA
1593,NA
7345,NA
3133,NA
9970,NA
3705,NA
6944,NA
8568,NA
276,NA
207,NA
3787,NA
3233,NA
9505,NA
8612,NA
6976,NA
5724,NA
4067,NA
2495,NA
7318,NA
9723,NA
9421,NA
5448,NA
545,NA
7298,NA
6273,NA
5031,NA
2914,NA
1446,NA
6356,NA
389,NA
8154,NA
2992,NA
2012,NA
9119,NA
4849,NA
5347,NA
6371,NA
52,NA
1611,NA
526,NA
193,NA
2827,NA
7241,NA
2105,NA
2374,NA
6454,NA
7404,NA
7024,NA
2304,NA
2968,NA
7539,NA
1131,NA
1427,NA
1262,NA
3155,NA
1249,NA
4677,NA
6040,NA
617,NA
8666,NA
9831,NA
271,NA
2686,NA
2810,NA
8095,NA
4554,NA
4627,NA
7873,NA
5095,NA
3282,NA
6207,NA
1715,NA
1356,NA
198,NA
8509,NA
1972,NA
7739,NA
1419,NA
3281,NA
5876,NA
8713,NA
1152,NA
3567,NA
8936,NA
3055,NA
8769,NA
8698,NA
8328,NA
9830,NA
6909,NA
2758,NA
8337,NA
5467,NA
4519,NA
1506,NA
6919,NA
1733,NA
8400,NA
5174,NA
542,NA
811,NA
8282,NA
7765,NA
7784,NA
3308,NA
2501,NA
6731,NA
562,NA
151,NA
7095,NA
7210,NA
512,NA
9400,NA
9722,NA
9292,NA
5302,NA
3186,NA
8776,NA
1970,NA
7376,NA
1897,NA
9237,NA
5877,NA
5365,NA
652,NA
1656,NA
1681,NA
3289,NA
5022,NA
9553,NA
6273,NA
9970,NA
1955,NA
8234,NA
4831,NA
59,NA
5231,NA
6699,NA
6480,NA
2374,NA
2555,NA
8417,NA
5575,NA
5160,NA
7005,NA
7344,NA
5955,NA
7679,NA
9240,NA
422,NA
5682,NA
7875,NA
8981,NA
9795,NA
2378,NA
9668,NA
4478,NA
8382,NA
1397,NA
4631,NA
7185,NA
7406,NA
5778,NA
9411,NA
4664,NA
5878,NA
1838,NA
8540,NA
7391,NA
4843,NA
6608,NA
2833,NA
6676,NA
9857,NA
1232,NA
6984,NA
8693,NA
3144,NA
3826,NA
6600,NA
9342,NA
4170,NA
6210,NA
7446,NA
941,NA
505,NA
2724,NA
7985,NA
407,NA
1258,NA
8558,NA
95,NA
1164,NA
4963,NA
6460,NA
9956,NA
1664,NA
8334,NA
2822,NA
5865,NA
8476,NA
2953,NA
2188,NA
4960,NA
3871,NA
954,NA
9237,NA
9363,NA
267,NA
4322,NA
6628,NA
893,NA
396,NA
1609,NA
6007,NA
9445,NA
5517,NA
6376,NA
4133,NA
2255,NA
4610,NA
4519,NA
6318,NA
4746,NA
2957,NA
7202,NA
6267,NA
2609,NA
5724,NA
7739,NA
4733,NA
6578,NA
3509,NA
3918,NA
4631,NA
9736,NA
1790,NA
3304,NA
4383,NA
4520,NA
4455,NA
2104,NA
2975,NA
3885,NA
285,NA
3371,NA
4903,NA
5471,NA
3929,NA
2505,NA
5227,NA
1477,NA
1011,NA
3354,NA
7657,NA
7112,NA
3921,NA
7459,NA
3418,NA
3895,NA
9494,NA
9065,NA
5166,NA
5379,NA
7158,NA
9826,NA
3400,NA
9986,NA
7118,NA
3317,NA
9099,NA
5571,NA
4527,NA
4757,NA
4803,NA
356,NA
5797,NA
1451,NA
5350,NA
98,NA
4669,NA
1136,NA
1029,NA
1138,NA
2830,NA
1814,NA
4285,NA
4402,NA
6563,NA
8687,NA
5284,NA
6696,NA
2858,NA
2520,NA
7746,NA
309,NA
8508,NA
9041,NA
854,NA
140,NA
250,NA
2716,NA
328,NA
7352,NA
1209,NA
2436,NA
3608,NA
1336,NA
5722,NA
643,NA
5300,NA
1455,NA
520,NA
6076,NA
4136,NA
6001,NA
6020,NA
4208,NA
7093,NA
887,NA
5492,NA
951,NA
6978,NA
916,NA
8168,NA
4296,NA
4059,NA
5090,NA
2729,NA
2031,NA
8400,NA
2445,NA
7135,NA
4639,NA
9687,NA
9415,NA
6369,NA
6553,NA
9077,NA
1209,NA
351,NA
7305,NA
1475,NA
5834,NA
8193,NA
7927,NA
6642,NA
9660,NA
4172,NA
4098,NA
9584,NA
8141,NA
3664,NA
5137,NA
1102,NA
8047,NA
5003,NA
7597,NA
8284,NA
3882,NA
300,NA
5913,NA
6881,NA
7738,NA
2630,NA
1051,NA
9037,NA
4342,NA
7598,NA
518,NA
6802,NA
9482,NA
6820,NA
1416,NA
3143,NA
5173,NA
6917,NA
6630,NA
1919,NA
76,NA
698,NA
6557,NA
211,NA
5811,NA
9591,NA
9481,NA
1385,NA
5118,NA
9624,NA
5448,NA
7049,NA
7187,NA
1117,NA
9762,NA
6297,NA
2105,NA
4550,NA
4841,NA
3166,NA
4147,NA
9169,NA
1297,NA
4067,NA
9099,NA
8284,NA
5884,NA
7674,NA
7173,NA
3310,NA
7867,NA
8446,NA
7254,NA
3775,NA
7875,NA
7822,NA
7333,NA
1746,NA
7518,NA
8739,NA
4790,NA
6774,NA
4558,NA
1199,NA
3514,NA
4242,NA
7660,NA
9110,NA
4397,NA
4202,NA
3811,NA
5101,NA
1633,NA
3870,NA
2235,NA
5275,NA
3777,NA
631,NA
8391,NA
9021,NA
2203,NA
3611,NA
9989,NA
7970,NA
1331,NA
5106,NA
9689,NA
9712,NA
571,NA
5088,NA
2402,NA
9419,NA
4859,NA
3995,NA
5421,NA
1693,NA
9510,NA
8940,NA
4917,NA
7953,NA
8790,NA
9370,NA
1529,NA
7848,NA
3600,NA
4584,NA
8915,NA
6192,NA
8293,NA
9330,NA
8438,NA
6720,NA
5934,NA
1587,NA
5807,NA
6903,NA
6007,NA
9088,NA
1249,NA
5745,NA
8782,NA
5229,NA
4339,NA
9980,NA
2718,NA
699,NA
666,NA
6752,NA
2848,NA
1997,NA
2941,NA
7908,NA
9940,NA
7531,NA
6362,NA
4307,NA
5811,NA
7430,NA
7017,NA
0,NA
368,NA
5251,NA
6300,NA
1403,NA
7950,NA
7561,NA
7652,NA
3501,NA
6905,NA
7211,NA
3363,NA
1445,NA
8348,NA
6750,NA
6435,NA
5403,NA
8920,NA
3273,NA
9814,NA
5902,NA
6770,NA
2876,NA
9278,NA
5624,NA
5270,NA
3927,NA
9851,NA
5760,NA
9087,NA
453,NA
9910,NA
1273,NA
735,NA
7267,NA
9050,NA
2834,NA
5550,NA
6696,NA
2455,NA
6890,NA
394,NA
2951,NA
2114,NA
8607,NA
9065,NA
1510,NA
8313,NA
6410,NA
5173,NA
2440,NA
5217,NA
2024,NA
306,NA
8513,NA
8030,NA
4933,NA
2335,NA
1836,NA
3676,NA
1782,NA
7,NA
2513,NA
5784,NA
2476,NA
6926,NA
4643,NA
6027,NA
9737,NA
1890,NA
6119,NA
6947,NA
8371,NA
2774,NA
2448,NA
4524,NA
3984,NA
9439,NA
9477,NA
8364,NA
3090,NA
9031,NA
6805,NA
1548,NA
4176,NA
8403,NA
8778,NA
2404,NA
5679,NA
1244,NA
519,NA
9916,NA
9987,NA
9279,NA
3478,NA
9542,NA
4056,NA
8628,NA
5692,NA
4343,NA
9552,NA
4778,NA
112,NA
7384,NA
8480,NA
2503,NA
8710,NA
3969,NA
3247,NA
8983,NA
1964,NA
6213,NA
7378,NA
3243,NA
3161,NA
950,NA
614,NA
6934,NA
9546,NA
1431,NA
9123,NA
1501,NA
6475,NA
6246,NA
2916,NA
832,NA
8103,NA
6256,NA
8302,NA
5238,NA
5011,NA
7083,NA
5659,NA
5861,NA
4620,NA
3109,NA
6013,NA
2267,NA
8271,NA
221,NA
3887,NA
6742,NA
9630,NA
2967,NA
4808,NA
3773,NA
6327,NA
730,NA
2382,NA
5079,NA
660,NA
6409,NA
8079,NA
6753,NA
4440,NA
8142,NA
7254,NA
2663,NA
3219,NA
2427,NA
2467,NA
362,NA
9518,NA
3007,NA
9568,NA
7079,NA
4697,NA
195,NA
1512,NA
2590,NA
3733,NA
5858,NA
5934,NA
4181,NA
4382,NA
5003,NA
3411,NA
1447,NA
2822,NA
3812,NA
5842,NA
1147,NA
6346,NA
6396,NA
5472,NA
7525,NA
4583,NA
9492,NA
7140,NA
4882,NA
6371,NA
3,NA
3795,NA
8523,NA
8790,NA
1617,NA
5167,NA
6942,NA
6845,NA
7776,NA
6478,NA
1941,NA
9924,NA
2804,NA
6460,NA
8715,NA
1981,NA
3936,NA
6344,NA
3513,NA
9784,NA
83,NA
8460,NA
4541,NA
832,NA
3012,NA
4736,NA
8642,NA
4864,NA
8348,NA
4444,NA
9210,NA
1423,NA
6813,NA
2672,NA
436,NA
2106,NA
2057,NA
1551,NA
4893,NA
5011,NA
3929,NA
9926,NA
6310,NA
2319,NA
5562,NA
145,NA
9393,NA
2159,NA
5640,NA
4143,NA
429,NA
5791,NA
6769,NA
6731,NA
9285,NA
7662,NA
3250,NA
6278,NA
3854,NA
7988,NA
7774,NA
7679,NA
3475,NA
8427,NA
5465,NA
5658,NA
560,NA
5890,NA
5071,NA
7467,NA
4562,NA
9156,NA
2704,NA
1987,NA
1534,NA
1662,NA
8202,NA
8261,NA
8415,NA
385,NA
7114,NA
5812,NA
9,NA
3970,NA
8827,NA
4221,NA
5052,NA
6726,NA
8567,NA
7318,NA
2144,NA
267,NA
3299,NA
2142,NA
3076,NA
5063,NA
1812,NA
6050,NA
4426,NA
442,NA
1325,NA
5192,NA
6464,NA
9534,NA
3001,NA
413,NA
6915,NA
1077,NA
3755,NA
5988,NA
8297,NA
2062,NA
2067,NA
5895,NA
7578,NA
1185,NA
8953,NA
1355,NA
6616,NA
682,NA
9587,NA
815,NA
9630,NA
8619,NA
3195,NA
6035,NA
1459,NA
6409,NA
4784,NA
6733,NA
4996,NA
7787,NA
1275,NA
487,NA
6262,NA
9664,NA
9134,NA
417,NA
3873,NA
2142,NA
3016,NA
3304,NA
8174,NA
1077,NA
7399,NA
763,NA
9634,NA
2118,NA
7042,NA
2521,NA
3493,NA
1849,NA
6955,NA
3902,NA
7739,NA
5126,NA
8665,NA
3854,NA
3575,NA
5792,NA
5322,NA
9908,NA
4037,NA
7903,NA
5757,NA
2353,NA
2369,NA
7664,NA
4895,NA
8,NA
4245,NA
6026,NA
3883,NA
906,NA
7675,NA
4136,NA
7703,NA
1972,NA
5618,NA
6267,NA
6706,NA
7356,NA
463,NA
9403,NA
1823,NA
1098,NA
6038,NA
3657,NA
32,NA
7058,NA
9948,NA
3314,NA
9156,NA
1967,NA
7164,NA
2551,NA
97,NA
4443,NA
7272,NA
9194,NA
604,NA
5193,NA
1672,NA
134,NA
8145,NA
5675,NA
5286,NA
2373,NA
4152,NA
9486,NA
854,NA
1128,NA
4469,NA
4556,NA
7751,NA
279,NA
2645,NA
4003,NA
9830,NA
2885,NA
2859,NA
7260,NA
9380,NA
3120,NA
6379,NA
7707,NA
6703,NA
3556,NA
8558,NA
9530,NA
8061,NA
8540,NA
5525,NA
3265,NA
7165,NA
3229,NA
7096,NA
5489,NA
8383,NA
899,NA
8730,NA
1923,NA
4644,NA
4006,NA
5291,NA
163,NA
8690,NA
5823,NA
7299,NA
7385,NA
957,NA
7984,NA
6767,NA
7734,NA
5836,NA
2419,NA
5270,NA
5770,NA
8303,NA
1323,NA
9672,NA
7177,NA
9401,NA
4725,NA
1188,NA
3616,NA
9354,NA
8903,NA
4144,NA
306,NA
8617,NA
3421,NA
2032,NA
6545,NA
220,NA
5295,NA
4549,NA
7873,NA
9477,NA
1275,NA
2259,NA
4701,NA
490,NA
3539,NA
2979,NA
3394,NA
8355,NA
3515,NA
4343,NA
5068,NA
2714,NA
8856,NA
2451,NA
7595,NA
5768,NA
4116,NA
7325,NA
1465,NA
4860,NA
3395,NA
7946,NA
3588,NA
2850,NA
7410,NA
2514,NA
8916,NA
7851,NA
1774,NA
8972,NA
7621,NA
6958,NA
6879,NA
9858,NA
5199,NA
7882,NA
8841,NA
8066,NA
3897,NA
4325,NA
3727,NA
8345,NA
1042,NA
5957,NA
7949,NA
8742,NA
5059,NA
8635,NA
4062,NA
3554,NA
4677,NA
8347,NA
9776,NA
7716,NA
8092,NA
421,NA
453,NA
9837,NA
3881,NA
9121,NA
929,NA
5006,NA
6330,NA
4480,NA
7642,NA
4174,NA
1619,NA
4565,NA
2858,NA
2672,NA
9610,NA
9430,NA
1138,NA
3394,NA
4370,NA
4131,NA
1773,NA
8737,NA
2692,NA
7355,NA
1211,NA
3447,NA
2939,NA
5999,NA
5509,NA
1952,NA
4920,NA
383,NA
3949,NA
3017,NA
8096,NA
744,NA
4768,NA
9864,NA
421,NA
1700,NA
6184,NA
7040,NA
7948,NA
6781,NA
3813,NA
6332,NA
5088,NA
925,NA
3994,NA
5991,NA
4522,NA
1002,NA
7382,NA
686,NA
2290,NA
5845,NA
5861,NA
8997,NA
5801,NA
6666,NA
4214,NA
7951,NA
2625,NA
1212,NA
5379,NA
8647,NA
3520,NA
4380,NA
9265,NA
3738,NA
1141,NA
6861,NA
7113,NA
5470,NA
5607,NA
804,NA
1801,NA
6656,NA
8801,NA
8656,NA
8440,NA
2613,NA
2025,NA
2823,NA
1167,NA
5444,NA
5074,NA
975,NA
1868,NA
7370,NA
4222,NA
1043,NA
2440,NA
3035,NA
6004,NA
2428,NA
711,NA
7494,NA
663,NA
6335,NA
2070,NA
3785,NA
9612,NA
4948,NA
5868,NA
9343,NA
4608,NA
2217,NA
9395,NA
6179,NA
3311,NA
9516,NA
5265,NA
1675,NA
2312,NA
7950,NA
9830,NA
390,NA
857,NA
686,NA
5089,NA
1493,NA
6830,NA
1639,NA
9840,NA
2197,NA
3902,NA
7005,NA
5459,NA
1853,NA
116,NA
5444,NA
6271,NA
7600,NA
3654,NA
4074,NA
3398,NA
57,NA
9744,NA
4260,NA
6495,NA
9713,NA
3088,NA
2960,NA
1235,NA
7534,NA
4080,NA
4402,NA
4302,NA
1198,NA
1665,NA
3786,NA
5297,NA
5638,NA
1779,NA
7460,NA
1892,NA
7567,NA
7770,NA
5655,NA
1729,NA
8245,NA
3606,NA
3090,NA
6088,NA
16,NA
8011,NA
729,NA
6100,NA
6251,NA
6721,NA
9001,NA
4230,NA
8060,NA
5168,NA
950,NA
6236,NA
1845,NA
8386,NA
1237,NA
9193,NA
1785,NA
2330,NA
9361,NA
1344,NA
3497,NA
2371,NA
8215,NA
8322,NA
24,NA
8923,NA
1872,NA
8460,NA
3604,NA
457,NA
9733,NA
2383,NA
6032,NA
6563,NA
5896,NA
2186,NA
6285,NA
5371,NA
1203,NA
5026,NA
3143,NA
9751,NA
6864,NA
4883,NA
3104,NA
7578,NA
5911,NA
4021,NA
5615,NA
2543,NA
6274,NA
7206,NA
1563,NA
7958,NA
602,NA
7006,NA
8675,NA
9502,NA
4568,NA
1781,NA
9831,NA
4536,NA
9246,NA
4684,NA
1558,NA
9526,NA
6193,NA
4223,NA
380,NA
8205,NA
5765,NA
3524,NA
1742,NA
3971,NA
4607,NA
6296,NA
1401,NA
4260,NA
6830,NA
8070,NA
9896,NA
7770,NA
4307,NA
6419,NA
5878,NA
7338,NA
8096,NA
8529,NA
219,NA
5648,NA
5425,NA
6407,NA
5423,NA
4281,NA
7988,NA
8282,NA
6536,NA
6382,NA
4054,NA
6737,NA
5876,NA
3574,NA
800,NA
4623,NA
5830,NA
7512,NA
9836,NA
6738,NA
8078,NA
6618,NA
3567,NA
8712,NA
2451,NA
6162,NA
7634,NA
4444,NA
3875,NA
4751,NA
7907,NA
932,NA
8190,NA
9306,NA
1354,NA
4006,NA
2800,NA
1796,NA
9824,NA
5164,NA
6766,NA
7535,NA
6394,NA
1329,NA
6993,NA
5039,NA
4823,NA
8952,NA
2801,NA
124,NA
4875,NA
6588,NA
9668,NA
5264,NA
3067,NA
3134,NA
4959,NA
6005,NA
4227,NA
1811,NA
2720,NA
9687,NA
6513,NA
4216,NA
1046,NA
1220,NA
9450,NA
9536,NA
9100,NA
2020,NA
299,NA
636,NA
6409,NA
7368,NA
7893,NA
5313,NA
1135,NA
1734,NA
5371,NA
6084,NA
5347,NA
1686,NA
9084,NA
6078,NA
6726,NA
1313,NA
1393,NA
8182,NA
8026,NA
1414,NA
6502,NA
7290,NA
4287,NA
8746,NA
9604,NA
2190,NA
3443,NA
68,NA
5792,NA
4247,NA
8999,NA
6792,NA
7017,NA
3522,NA
1036,NA
9461,NA
4124,NA
717,NA
8059,NA
4513,NA
986,NA
8861,NA
5899,NA
6426,NA
666,NA
1296,NA
9171,NA
3069,NA
3747,NA
2766,NA
9569,NA
8371,NA
5706,NA
9166,NA
3492,NA
401,NA
6327,NA
745,NA
2919,NA
5749,NA
9591,NA
2697,NA
9847,NA
9523,NA
3992,NA
6193,NA
106,NA
9256,NA
4568,NA
5497,NA
4478,NA
4414,NA
7618,NA
8691,NA
2490,NA
8170,NA
734,NA
252,NA
4426,NA
5706,NA
7818,NA
1002,NA
2777,NA
9349,NA
8514,NA
8930,NA
5403,NA
1275,NA
6136,NA
1684,NA
7328,NA
3862,NA
9252,NA
5166,NA
5303,NA
17,NA
9792,NA
5665,NA
9029,NA
6507,NA
3967,NA
7504,NA
6243,NA
6718,NA
7027,NA
3656,NA
3081,NA
433,NA
59,NA
7382,NA
8076,NA
6297,NA
7753,NA
1314,NA
7197,NA
1676,NA
7785,NA
2412,NA
4015,NA
4428,NA
3979,NA
753,NA
8815,NA
1752,NA
6385,NA
4777,NA
9070,NA
2977,NA
1711,NA
87,NA
6932,NA
9351,NA
3581,NA
3048,NA
774,NA
7466,NA
1259,NA
9394,NA
7326,NA
4243,NA
4847,NA
8570,NA
9176,NA
8747,NA
1172,NA
6944,NA
7550,NA
1767,NA
6745,NA
9090,NA
9365,NA
6477,NA
9669,NA
9840,NA
8793,NA
7038,NA
5578,NA
9092,NA
4783,NA
1253,NA
8231,NA
931,NA
236,NA
2755,NA
1368,NA
1975,NA
9879,NA
1480,NA
81,NA
6027,NA
5622,NA
5843,NA
4856,NA
4452,NA
6305,NA
3013,NA
2749,NA
153,NA
4585,NA
5473,NA
6328,NA
2085,NA
6994,NA
2692,NA
9604,NA
7242,NA
3456,NA
4425,NA
985,NA
5563,NA
8715,NA
9516,NA
3575,NA
4509,NA
5326,NA
7596,NA
6400,NA
3168,NA
7737,NA
50,NA
8370,NA
4371,NA
3410,NA
6923,NA
9214,NA
5588,NA
6655,NA
4282,NA
8325,NA
7127,NA
7327,NA
1144,NA
3720,NA
1935,NA
27,NA
8544,NA
6462,NA
7306,NA
892,NA
4451,NA
6122,NA
143,NA
2482,NA
4923,NA
877,NA
4388,NA
9014,NA
4111,NA
2935,NA
3789,NA
5457,NA
6660,NA
6318,NA
3687,NA
184,NA
6744,NA
5916,NA
5688,NA
4894,NA
6226,NA
9675,NA
9145,NA
7408,NA
8771,NA
9776,NA
5072,NA
6644,NA
7421,NA
9728,NA
7700,NA
4104,NA
5596,NA
2512,NA
6143,NA
4380,NA
5300,NA
8471,NA
1863,NA
5776,NA
1019,NA
5822,NA
2076,NA
126,NA
7862,NA
7706,NA
493,NA
2229,NA
8086,NA
1075,NA
7611,NA
3271,NA
7414,NA
5152,NA
7226,NA
2712,NA
8739,NA
5269,NA
7334,NA
207,NA
7890,NA
6869,NA
6570,NA
2651,NA
6384,NA
228,NA
47,NA
7011,NA
3684,NA
8099,NA
4755,NA
2957,NA
6294,NA
6286,NA
6727,NA
1018,NA
4343,NA
5184,NA
3062,NA
426,NA
5354,NA
1409,NA
2979,NA
775,NA
5149,NA
2516,NA
971,NA
1838,NA
9467,NA
6815,NA
6651,NA
5887,NA
7621,NA
4475,NA
1752,NA
2575,NA
178,NA
8867,NA
5336,NA
5910,NA
7790,NA
785,NA
2154,NA
6209,NA
6457,NA
3992,NA
679,NA
1156,NA
46,NA
8927,NA
8766,NA
5286,NA
4708,NA
7139,NA
1287,NA
1093,NA
9635,NA
4238,NA
28,NA
170,NA
4442,NA
5110,NA
3370,NA
5917,NA
1360,NA
7901,NA
8167,NA
7693,NA
4119,NA
7046,NA
4479,NA
154,NA
8432,NA
2028,NA
7248,NA
9582,NA
323,NA
7728,NA
4720,NA
886,NA
6694,NA
8902,NA
1389,NA
6285,NA
4099,NA
3883,NA
6462,NA
8906,NA
8649,NA
1394,NA
9263,NA
4794,NA
8804,NA
3599,NA
5082,NA
6614,NA
66,NA
6936,NA
4375,NA
171,NA
3596,NA
9672,NA
8618,NA
1441,NA
1739,NA
1429,NA
713,NA
4877,NA
2734,NA
2445,NA
5717,NA
6126,NA
4416,NA
9653,NA
3342,NA
697,NA
4626,NA
5332,NA
1651,NA
4176,NA
2359,NA
3418,NA
2229,NA
378,NA
9230,NA
5098,NA
3055,NA
8404,NA
5425,NA
9651,NA
6359,NA
3955,NA
6716,NA
1685,NA
6961,NA
8305,NA
6193,NA
9898,NA
159,NA
987,NA
1022,NA
8028,NA
4443,NA
7190,NA
905,NA
4459,NA
8405,NA
4271,NA
2829,NA
5300,NA
5153,NA
5806,NA
1411,NA
2954,NA
9096,NA
1824,NA
3810,NA
8166,NA
3138,NA
4350,NA
984,NA
2254,NA
7736,NA
6802,NA
5769,NA
4122,NA
2657,NA
8158,NA
2896,NA
5446,NA
3642,NA
8497,NA
1421,NA
4325,NA
4121,NA
3120,NA
2763,NA
5192,NA
7118,NA
7325,NA
1757,NA
1932,NA
5472,NA
2707,NA
3081,NA
8210,NA
2552,NA
6474,NA
6033,NA
1232,NA
9584,NA
9044,NA
4301,NA
1967,NA
6052,NA
6087,NA
3881,NA
1479,NA
9353,NA
2762,NA
9384,NA
4369,NA
2594,NA
7656,NA
719,NA
8177,NA
8391,NA
7447,NA
4715,NA
184,NA
9619,NA
1387,NA
1815,NA
9502,NA
2615,NA
1158,NA
6966,NA
9216,NA
3562,NA
5277,NA
1980,NA
4536,NA
5232,NA
546,NA
2719,NA
2254,NA
3439,NA
9605,NA
6848,NA
8923,NA
7685,NA
8083,NA
7629,NA
8218,NA
8767,NA
7765,NA
4011,NA
650,NA
4907,NA
2033,NA
567,NA
1721,NA
5997,NA
8691,NA
2323,NA
5561,NA
292,NA
1304,NA
5872,NA
8931,NA
8809,NA
3841,NA
7467,NA
8332,NA
4632,NA
606,NA
3481,NA
1416,NA
4277,NA
1175,NA
2224,NA
6785,NA
5511,NA
2351,NA
7880,NA
222,NA
5634,NA
6616,NA
7387,NA
9604,NA
4695,NA
6161,NA
5878,NA
1070,NA
8454,NA
3983,NA
740,NA
4453,NA
5556,NA
222,NA
5219,NA
9515,NA
5254,NA
7915,NA
3268,NA
6918,NA
5914,NA
3589,NA
5223,NA
6673,NA
5684,NA
8502,NA
6205,NA
954,NA
4606,NA
2851,NA
8761,NA
8616,NA
3595,NA
8987,NA
3511,NA
5901,NA
2371,NA
592,NA
2147,NA
7455,NA
3572,NA
1085,NA
9420,NA
4519,NA
9820,NA
6472,NA
652,NA
4889,NA
7881,NA
914,NA
6962,NA
7561,NA
2564,NA
5275,NA
2311,NA
3382,NA
5270,NA
6339,NA
235,NA
9779,NA
6439,NA
2855,NA
3961,NA
4466,NA
1819,NA
1805,NA
3324,NA
2955,NA
5262,NA
4900,NA
8659,NA
5432,NA
3968,NA
6694,NA
5557,NA
6322,NA
4529,NA
5897,NA
6083,NA
3933,NA
4341,NA
4352,NA
2252,NA
2282,NA
6270,NA
8822,NA
646,NA
3646,NA
9280,NA
6957,NA
674,NA
1902,NA
7402,NA
417,NA
6652,NA
9217,NA
9480,NA
6058,NA
392,NA
8126,NA
1763,NA
9331,NA
4920,NA
1356,NA
4887,NA
3775,NA
712,NA
670,NA
7396,NA
8835,NA
5885,NA
9335,NA
2386,NA
9910,NA
7838,NA
9411,NA
7161,NA
2220,NA
2518,NA
8327,NA
4949,NA
256,NA
8635,NA
8508,NA
4090,NA
4460,NA
6235,NA
2097,NA
9190,NA
2806,NA
7915,NA
5707,NA
2154,NA
8612,NA
8349,NA
9837,NA
7829,NA
3771,NA
1930,NA
1663,NA
44,NA
6868,NA
2860,NA
1896,NA
1639,NA
9016,NA
8749,NA
5351,NA
3410,NA
2476,NA
9849,NA
605,NA
1702,NA
2555,NA
2765,NA
8551,NA
588,NA
7434,NA
4011,NA
4865,NA
2089,NA
3117,NA
8279,NA
2026,NA
3538,NA
1776,NA
9685,NA
4178,NA
4402,NA
4732,NA
827,NA
3125,NA
5655,NA
6782,NA
4699,NA
7648,NA
6098,NA
587,NA
3430,NA
9529,NA
3801,NA
2562,NA
4957,NA
2828,NA
6943,NA
159,NA
7602,NA
4811,NA
9448,NA
6542,NA
8227,NA
1449,NA
8523,NA
8968,NA
7328,NA
6100,NA
4592,NA
9784,NA
3093,NA
4707,NA
1674,NA
9019,NA
8681,NA
5247,NA
7943,NA
1796,NA
8985,NA
4429,NA
4313,NA
8753,NA
5025,NA
8936,NA
8478,NA
7494,NA
1566,NA
4495,NA
2638,NA
1247,NA
2121,NA
3357,NA
2432,NA
1535,NA
8456,NA
3470,NA
9099,NA
2417,NA
7146,NA
4899,NA
3302,NA
3442,NA
688,NA
1853,NA
5157,NA
9988,NA
6180,NA
7995,NA
2520,NA
5881,NA
353,NA
4040,NA
6799,NA
5956,NA
3121,NA
3699,NA
3634,NA
5323,NA
1938,NA
8799,NA
1264,NA
6904,NA
4391,NA
6304,NA
234,NA
2118,NA
8664,NA
4810,NA
8375,NA
340,NA
1069,NA
7219,NA
5535,NA
2690,NA
5249,NA
1874,NA
8140,NA
9187,NA
3465,NA
780,NA
5130,NA
7095,NA
4143,NA
3303,NA
8061,NA
3703,NA
454,NA
6866,NA
6542,NA
2022,NA
1544,NA
331,NA
9444,NA
6470,NA
966,NA
5896,NA
7117,NA
20,NA
4231,NA
3788,NA
6495,NA
4913,NA
6366,NA
885,NA
5533,NA
4617,NA
7235,NA
6252,NA
675,NA
9456,NA
5264,NA
5771,NA
3445,NA
5830,NA
2597,NA
4388,NA
3682,NA
2062,NA
3144,NA
3827,NA
7957,NA
2261,NA
300,NA
6530,NA
2354,NA
76,NA
9511,NA
4531,NA
6415,NA
6054,NA
7063,NA
4578,NA
1422,NA
1949,NA
3059,NA
8370,NA
5597,NA
6125,NA
1780,NA
4055,NA
2112,NA
7694,NA
5524,NA
4761,NA
3578,NA
2905,NA
743,NA
552,NA
1842,NA
6732,NA
7258,NA
9022,NA
2334,NA
6847,NA
2685,NA
180,NA
8173,NA
4984,NA
6395,NA
9850,NA
6460,NA
3719,NA
8383,NA
2252,NA
7902,NA
3154,NA
8513,NA
4631,NA
7955,NA
3804,NA
343,NA
6632,NA
497,NA
9885,NA
6108,NA
231,NA
9926,NA
6537,NA
4949,NA
2934,NA
2216,NA
3269,NA
859,NA
1967,NA
3152,NA
9822,NA
6937,NA
2491,NA
4152,NA
745,NA
1193,NA
6137,NA
4667,NA
2871,NA
1780,NA
7005,NA
1513,NA
3806,NA
2562,NA
3860,NA
7869,NA
8914,NA
2971,NA
5715,NA
8963,NA
8713,NA
610,NA
2492,NA
9082,NA
7452,NA
5543,NA
9060,NA
7095,NA
5373,NA
4690,NA
6166,NA
4357,NA
9235,NA
7290,NA
730,NA
517,NA
8028,NA
6192,NA
855,NA
8975,NA
7458,NA
7976,NA
653,NA
1097,NA
1750,NA
3692,NA
4873,NA
3821,NA
4538,NA
5924,NA
3589,NA
7948,NA
6637,NA
3002,NA
8700,NA
9194,NA
1192,NA
5186,NA
680,NA
1668,NA
490,NA
2568,NA
1214,NA
2106,NA
9588,NA
5636,NA
7161,NA
5160,NA
5,NA
6702,NA
8303,NA
1968,NA
6933,NA
2217,NA
467,NA
195,NA
1651,NA
8928,NA
521,NA
7445,NA
6728,NA
2290,NA
9426,NA
5935,NA
4090,NA
1724,NA
7077,NA
4643,NA
3639,NA
5516,NA
465,NA
7710,NA
7001,NA
7172,NA
955,NA
4812,NA
6809,NA
8653,NA
8154,NA
6773,NA
7018,NA
2054,NA
9047,NA
8118,NA
5910,NA
5429,NA
5992,NA
3194,NA
5164,NA
9893,NA
8931,NA
5215,NA
6191,NA
1800,NA
4674,NA
4067,NA
2663,NA
2103,NA
518,NA
2117,NA
4722,NA
1633,NA
8798,NA
2721,NA
1104,NA
5501,NA
1888,NA
1460,NA
7129,NA
2128,NA
4898,NA
2277,NA
1648,NA
9604,NA
4607,NA
8272,NA
8436,NA
3766,NA
7977,NA
7337,NA
6274,NA
3074,NA
6175,NA
5762,NA
618,NA
3399,NA
2731,NA
1955,NA
8723,NA
7679,NA
1023,NA
9118,NA
5919,NA
6050,NA
6098,NA
7906,NA
8685,NA
3656,NA
3050,NA
6722,NA
5077,NA
729,NA
5792,NA
4797,NA
3545,NA
3892,NA
4417,NA
5176,NA
9950,NA
4247,NA
1316,NA
8091,NA
2860,NA
335,NA
70,NA
9548,NA
8806,NA
8624,NA
3692,NA
8786,NA
758,NA
7256,NA
7164,NA
4002,NA
621,NA
5352,NA
9598,NA
8709,NA
3856,NA
4283,NA
3808,NA
6043,NA
3937,NA
1297,NA
1504,NA
6520,NA
1454,NA
225,NA
531,NA
153,NA
0,NA
5880,NA
1591,NA
2140,NA
1143,NA
5248,NA
3122,NA
7642,NA
8368,NA
2186,NA
8195,NA
1345,NA
3184,NA
9876,NA
6213,NA
2332,NA
6670,NA
2921,NA
6251,NA
3804,NA
9103,NA
5077,NA
8451,NA
6923,NA
4898,NA
5695,NA
899,NA
7575,NA
1776,NA
3522,NA
7471,NA
3587,NA
9124,NA
5185,NA
8653,NA
7236,NA
4363,NA
6887,NA
6472,NA
2424,NA
186,NA
7431,NA
1110,NA
9241,NA
703,NA
3819,NA
1854,NA
7180,NA
1341,NA
7076,NA
7699,NA
7884,NA
3734,NA
2017,NA
3819,NA
458,NA
4446,NA
7036,NA
9590,NA
1998,NA
5752,NA
4296,NA
8145,NA
2383,NA
4741,NA
6980,NA
1931,NA
7680,NA
6662,NA
5793,NA
9218,NA
1053,NA
4239,NA
6509,NA
5026,NA
6689,NA
3256,NA
1860,NA
1100,NA
2037,NA
3547,NA
4935,NA
2005,NA
7644,NA
3793,NA
7991,NA
1621,NA
6809,NA
8010,NA
7653,NA
4796,NA
3767,NA
4184,NA
8601,NA
5220,NA
6227,NA
289,NA
3736,NA
8446,NA
9728,NA
9230,NA
4898,NA
1863,NA
336,NA
5432,NA
4327,NA
4650,NA
9071,NA
8264,NA
6018,NA
1571,NA
909,NA
1393,NA
4117,NA
4050,NA
3310,NA
2743,NA
8453,NA
7119,NA
2058,NA
9480,NA
2239,NA
9627,NA
4712,NA
9476,NA
2184,NA
97,NA
5980,NA
8776,NA
5123,NA
1624,NA
3985,NA
7767,NA
9397,NA
5581,NA
3307,NA
1189,NA
6537,NA
3051,NA
5466,NA
5554,NA
5341,NA
6652,NA
4402,NA
6036,NA
9592,NA
8442,NA
1379,NA
6839,NA
3767,NA
8846,NA
3602,NA
7049,NA
4485,NA
2602,NA
9663,NA
6985,NA
545,NA
2384,NA
1804,NA
5387,NA
1652,NA
3471,NA
4188,NA
5085,NA
5734,NA
6274,NA
2218,NA
3821,NA
7692,NA
9998,NA
9102,NA
5815,NA
6102,NA
9927,NA
5607,NA
9376,NA
645,NA
9635,NA
8563,NA
6870,NA
2170,NA
7335,NA
8098,NA
6698,NA
6049,NA
1045,NA
2166,NA
7401,NA
853,NA
1217,NA
4128,NA
3440,NA
6813,NA
8099,NA
8781,NA
9802,NA
6124,NA
8123,NA
7672,NA
4805,NA
9488,NA
2218,NA
1906,NA
6937,NA
196,NA
5547,NA
7650,NA
4894,NA
1110,NA
8391,NA
3062,NA
407,NA
7480,NA
7495,NA
971,NA
9171,NA
5468,NA
5293,NA
890,NA
1543,NA
1252,NA
1398,NA
6497,NA
877,NA
6315,NA
9988,NA
66,NA
2020,NA
749,NA
2959,NA
6353,NA
3915,NA
1775,NA
2219,NA
5243,NA
7864,NA
8730,NA
2841,NA
2379,NA
9210,NA
1050,NA
5655,NA
4273,NA
4147,NA
7189,NA
3661,NA
3955,NA
3139,NA
6780,NA
6325,NA
9111,NA
1604,NA
3806,NA
3982,NA
5519,NA
3228,NA
4359,NA
8260,NA
2764,NA
5688,NA
5102,NA
5564,NA
2815,NA
6295,NA
2047,NA
9736,NA
5944,NA
8092,NA
6619,NA
172,NA
6902,NA
8800,NA
6771,NA
9851,NA
2004,NA
1518,NA
3428,NA
1778,NA
2714,NA
8559,NA
8954,NA
6054,NA
5974,NA
407,NA
8642,NA
7363,NA
4804,NA
2062,NA
7059,NA
7936,NA
691,NA
7356,NA
7598,NA
912,NA
2793,NA
1368,NA
324,NA
2665,NA
326,NA
3694,NA
5190,NA
5141,NA
7286,NA
5780,NA
1475,NA
1179,NA
9369,NA
8102,NA
1408,NA
1129,NA
589,NA
2318,NA
4046,NA
4388,NA
2036,NA
8620,NA
5994,NA
6217,NA
9167,NA
4176,NA
9175,NA
7163,NA
1535,NA
4478,NA
4603,NA
2549,NA
7743,NA
3325,NA
2296,NA
4456,NA
7190,NA
3931,NA
1259,NA
7577,NA
3631,NA
5656,NA
6423,NA
4357,NA
2583,NA
9840,NA
3784,NA
6773,NA
2350,NA
5032,NA
7920,NA
7799,NA
7940,NA
7044,NA
5251,NA
7255,NA
6557,NA
7926,NA
7710,NA
8671,NA
6704,NA
5640,NA
8236,NA
6587,NA
7950,NA
3283,NA
9257,NA
5916,NA
5766,NA
9627,NA
3670,NA
4455,NA
5268,NA
7532,NA
6631,NA
468,NA
7496,NA
2622,NA
3029,NA
626,NA
6211,NA
7645,NA
2159,NA
7889,NA
1051,NA
2946,NA
6774,NA
1631,NA
8555,NA
4924,NA
8618,NA
3919,NA
2135,NA
450,NA
7346,NA
1580,NA
6261,NA
1627,NA
4231,NA
223,NA
8353,NA
4698,NA
8125,NA
5407,NA
4207,NA
1180,NA
8328,NA
556,NA
5116,NA
5777,NA
1252,NA
2669,NA
7339,NA
612,NA
8525,NA
8801,NA
9085,NA
6801,NA
